2310 1
2730 2
4290 3
6006 4
10010 5
15015 6
3570 7
5610 8
7854 9
13090 10
19635 11
6630 12
9282 13
15470 14
23205 15
14586 16
24310 17
36465 18
34034 19
51051 20
85085 21
3990 22
6270 23
8778 24
14630 25
21945 26
7410 27
10374 28
17290 29
25935 30
16302 31
27170 32
40755 33
38038 34
57057 35
95095 36
9690 37
13566 38
22610 39
33915 40
21318 41
35530 42
53295 43
49742 44
74613 45
124355 46
25194 47
41990 48
62985 49
58786 50
88179 51
146965 52
92378 53
138567 54
230945 55
323323 56
4830 57
7590 58
10626 59
17710 60
26565 61
8970 62
12558 63
20930 64
31395 65
19734 66
32890 67
49335 68
46046 69
69069 70
115115 71
11730 72
16422 73
27370 74
41055 75
25806 76
43010 77
64515 78
60214 79
90321 80
150535 81
30498 82
50830 83
76245 84
71162 85
106743 86
177905 87
111826 88
167739 89
279565 90
391391 91
13110 92
18354 93
30590 94
45885 95
28842 96
48070 97
72105 98
67298 99
100947 100
168245 101
34086 102
56810 103
85215 104
79534 105
119301 106
198835 107
124982 108
187473 109
312455 110
437437 111
44574 112
74290 113
111435 114
104006 115
156009 116
260015 117
163438 118
245157 119
408595 120
572033 121
193154 122
289731 123
482885 124
676039 125
1062347 126
6090 127
9570 128
13398 129
22330 130
33495 131
11310 132
15834 133
26390 134
39585 135
24882 136
41470 137
62205 138
58058 139
87087 140
145145 141
14790 142
20706 143
34510 144
51765 145
32538 146
54230 147
81345 148
75922 149
113883 150
189805 151
38454 152
64090 153
96135 154
89726 155
134589 156
224315 157
140998 158
211497 159
352495 160
493493 161
16530 162
23142 163
38570 164
57855 165
36366 166
60610 167
90915 168
84854 169
127281 170
212135 171
42978 172
71630 173
107445 174
100282 175
150423 176
250705 177
157586 178
236379 179
393965 180
551551 181
56202 182
93670 183
140505 184
131138 185
196707 186
327845 187
206074 188
309111 189
515185 190
721259 191
243542 192
365313 193
608855 194
852397 195
1339481 196
20010 197
28014 198
46690 199
70035 200
44022 201
73370 202
110055 203
102718 204
154077 205
256795 206
52026 207
86710 208
130065 209
121394 210
182091 211
303485 212
190762 213
286143 214
476905 215
667667 216
68034 217
113390 218
170085 219
158746 220
238119 221
396865 222
249458 223
374187 224
623645 225
873103 226
294814 227
442221 228
737035 229
1031849 230
1621477 231
76038 232
126730 233
190095 234
177422 235
266133 236
443555 237
278806 238
418209 239
697015 240
975821 241
329498 242
494247 243
823745 244
1153243 245
1812239 246
430882 247
646323 248
1077205 249
1508087 250
2369851 251
2800733 252
6510 253
10230 254
14322 255
23870 256
35805 257
12090 258
16926 259
28210 260
42315 261
26598 262
44330 263
66495 264
62062 265
93093 266
155155 267
15810 268
22134 269
36890 270
55335 271
34782 272
57970 273
86955 274
81158 275
121737 276
202895 277
41106 278
68510 279
102765 280
95914 281
143871 282
239785 283
150722 284
226083 285
376805 286
527527 287
17670 288
24738 289
41230 290
61845 291
38874 292
64790 293
97185 294
90706 295
136059 296
226765 297
45942 298
76570 299
114855 300
107198 301
160797 302
267995 303
168454 304
252681 305
421135 306
589589 307
60078 308
100130 309
150195 310
140182 311
210273 312
350455 313
220286 314
330429 315
550715 316
771001 317
260338 318
390507 319
650845 320
911183 321
1431859 322
21390 323
29946 324
49910 325
74865 326
47058 327
78430 328
117645 329
109802 330
164703 331
274505 332
55614 333
92690 334
139035 335
129766 336
194649 337
324415 338
203918 339
305877 340
509795 341
713713 342
72726 343
121210 344
181815 345
169694 346
254541 347
424235 348
266662 349
399993 350
666655 351
933317 352
315146 353
472719 354
787865 355
1103011 356
1733303 357
81282 358
135470 359
203205 360
189658 361
284487 362
474145 363
298034 364
447051 365
745085 366
1043119 367
352222 368
528333 369
880555 370
1232777 371
1937221 372
460598 373
690897 374
1151495 375
1612093 376
2533289 377
2993887 378
26970 379
37758 380
62930 381
94395 382
59334 383
98890 384
148335 385
138446 386
207669 387
346115 388
70122 389
116870 390
175305 391
163618 392
245427 393
409045 394
257114 395
385671 396
642785 397
899899 398
91698 399
152830 400
229245 401
213962 402
320943 403
534905 404
336226 405
504339 406
840565 407
1176791 408
397358 409
596037 410
993395 411
1390753 412
2185469 413
102486 414
170810 415
256215 416
239134 417
358701 418
597835 419
375782 420
563673 421
939455 422
1315237 423
444106 424
666159 425
1110265 426
1554371 427
2442583 428
580754 429
871131 430
1451885 431
2032639 432
3194147 433
3774901 434
124062 435
206770 436
310155 437
289478 438
434217 439
723695 440
454894 441
682341 442
1137235 443
1592129 444
537602 445
806403 446
1344005 447
1881607 448
2956811 449
703018 450
1054527 451
1757545 452
2460563 453
3866599 454
4569617 455
785726 456
1178589 457
1964315 458
2750041 459
4321493 460
5107219 461
6678671 462
7770 463
12210 464
17094 465
28490 466
42735 467
14430 468
20202 469
33670 470
50505 471
31746 472
52910 473
79365 474
74074 475
111111 476
185185 477
18870 478
26418 479
44030 480
66045 481
41514 482
69190 483
103785 484
96866 485
145299 486
242165 487
49062 488
81770 489
122655 490
114478 491
171717 492
286195 493
179894 494
269841 495
449735 496
629629 497
21090 498
29526 499
49210 500
73815 501
46398 502
77330 503
115995 504
108262 505
162393 506
270655 507
54834 508
91390 509
137085 510
127946 511
191919 512
319865 513
201058 514
301587 515
502645 516
703703 517
71706 518
119510 519
179265 520
167314 521
250971 522
418285 523
262922 524
394383 525
657305 526
920227 527
310726 528
466089 529
776815 530
1087541 531
1708993 532
25530 533
35742 534
59570 535
89355 536
56166 537
93610 538
140415 539
131054 540
196581 541
327635 542
66378 543
110630 544
165945 545
154882 546
232323 547
387205 548
243386 549
365079 550
608465 551
851851 552
86802 553
144670 554
217005 555
202538 556
303807 557
506345 558
318274 559
477411 560
795685 561
1113959 562
376142 563
564213 564
940355 565
1316497 566
2068781 567
97014 568
161690 569
242535 570
226366 571
339549 572
565915 573
355718 574
533577 575
889295 576
1245013 577
420394 578
630591 579
1050985 580
1471379 581
2312167 582
549746 583
824619 584
1374365 585
1924111 586
3023603 587
3573349 588
32190 589
45066 590
75110 591
112665 592
70818 593
118030 594
177045 595
165242 596
247863 597
413105 598
83694 599
139490 600
209235 601
195286 602
292929 603
488215 604
306878 605
460317 606
767195 607
1074073 608
109446 609
182410 610
273615 611
255374 612
383061 613
638435 614
401302 615
601953 616
1003255 617
1404557 618
474266 619
711399 620
1185665 621
1659931 622
2608463 623
122322 624
203870 625
305805 626
285418 627
428127 628
713545 629
448514 630
672771 631
1121285 632
1569799 633
530062 634
795093 635
1325155 636
1855217 637
2915341 638
693158 639
1039737 640
1732895 641
2426053 642
3812369 643
4505527 644
148074 645
246790 646
370185 647
345506 648
518259 649
863765 650
542938 651
814407 652
1357345 653
1900283 654
641654 655
962481 656
1604135 657
2245789 658
3529097 659
839086 660
1258629 661
2097715 662
2936801 663
4614973 664
5454059 665
937802 666
1406703 667
2344505 668
3282307 669
5157911 670
6095713 671
7971317 672
34410 673
48174 674
80290 675
120435 676
75702 677
126170 678
189255 679
176638 680
264957 681
441595 682
89466 683
149110 684
223665 685
208754 686
313131 687
521885 688
328042 689
492063 690
820105 691
1148147 692
116994 693
194990 694
292485 695
272986 696
409479 697
682465 698
428978 699
643467 700
1072445 701
1501423 702
506974 703
760461 704
1267435 705
1774409 706
2788357 707
130758 708
217930 709
326895 710
305102 711
457653 712
762755 713
479446 714
719169 715
1198615 716
1678061 717
566618 718
849927 719
1416545 720
1983163 721
3116399 722
740962 723
1111443 724
1852405 725
2593367 726
4075291 727
4816253 728
158286 729
263810 730
395715 731
369334 732
554001 733
923335 734
580382 735
870573 736
1450955 737
2031337 738
685906 739
1028859 740
1714765 741
2400671 742
3772483 743
896954 744
1345431 745
2242385 746
3139339 747
4933247 748
5830201 749
1002478 750
1503717 751
2506195 752
3508673 753
5513629 754
6516107 755
8521063 756
199578 757
332630 758
498945 759
465682 760
698523 761
1164205 762
731786 763
1097679 764
1829465 765
2561251 766
864838 767
1297257 768
2162095 769
3026933 770
4756609 771
1130942 772
1696413 773
2827355 774
3958297 775
6220181 776
7351123 777
1263994 778
1895991 779
3159985 780
4423979 781
6951967 782
8215961 783
10743949 784
1530098 785
2295147 786
3825245 787
5355343 788
8415539 789
9945637 790
13005833 791
14535931 792
8610 793
13530 794
18942 795
31570 796
47355 797
15990 798
22386 799
37310 800
55965 801
35178 802
58630 803
87945 804
82082 805
123123 806
205205 807
20910 808
29274 809
48790 810
73185 811
46002 812
76670 813
115005 814
107338 815
161007 816
268345 817
54366 818
90610 819
135915 820
126854 821
190281 822
317135 823
199342 824
299013 825
498355 826
697697 827
23370 828
32718 829
54530 830
81795 831
51414 832
85690 833
128535 834
119966 835
179949 836
299915 837
60762 838
101270 839
151905 840
141778 841
212667 842
354445 843
222794 844
334191 845
556985 846
779779 847
79458 848
132430 849
198645 850
185402 851
278103 852
463505 853
291346 854
437019 855
728365 856
1019711 857
344318 858
516477 859
860795 860
1205113 861
1893749 862
28290 863
39606 864
66010 865
99015 866
62238 867
103730 868
155595 869
145222 870
217833 871
363055 872
73554 873
122590 874
183885 875
171626 876
257439 877
429065 878
269698 879
404547 880
674245 881
943943 882
96186 883
160310 884
240465 885
224434 886
336651 887
561085 888
352682 889
529023 890
881705 891
1234387 892
416806 893
625209 894
1042015 895
1458821 896
2292433 897
107502 898
179170 899
268755 900
250838 901
376257 902
627095 903
394174 904
591261 905
985435 906
1379609 907
465842 908
698763 909
1164605 910
1630447 911
2562131 912
609178 913
913767 914
1522945 915
2132123 916
3350479 917
3959657 918
35670 919
49938 920
83230 921
124845 922
78474 923
130790 924
196185 925
183106 926
274659 927
457765 928
92742 929
154570 930
231855 931
216398 932
324597 933
540995 934
340054 935
510081 936
850135 937
1190189 938
121278 939
202130 940
303195 941
282982 942
424473 943
707455 944
444686 945
667029 946
1111715 947
1556401 948
525538 949
788307 950
1313845 951
1839383 952
2890459 953
135546 954
225910 955
338865 956
316274 957
474411 958
790685 959
497002 960
745503 961
1242505 962
1739507 963
587366 964
881049 965
1468415 966
2055781 967
3230513 968
768094 969
1152141 970
1920235 971
2688329 972
4224517 973
4992611 974
164082 975
273470 976
410205 977
382858 978
574287 979
957145 980
601634 981
902451 982
1504085 983
2105719 984
711022 985
1066533 986
1777555 987
2488577 988
3910621 989
929798 990
1394697 991
2324495 992
3254293 993
5113889 994
6043687 995
1039186 996
1558779 997
2597965 998
3637151 999
5715523 1000
6754709 1001
8833081 1002
38130 1003
53382 1004
88970 1005
133455 1006
83886 1007
139810 1008
209715 1009
195734 1010
293601 1011
489335 1012
99138 1013
165230 1014
247845 1015
231322 1016
346983 1017
578305 1018
363506 1019
545259 1020
908765 1021
1272271 1022
129642 1023
216070 1024
324105 1025
302498 1026
453747 1027
756245 1028
475354 1029
713031 1030
1188385 1031
1663739 1032
561782 1033
842673 1034
1404455 1035
1966237 1036
3089801 1037
144894 1038
241490 1039
362235 1040
338086 1041
507129 1042
845215 1043
531278 1044
796917 1045
1328195 1046
1859473 1047
627874 1048
941811 1049
1569685 1050
2197559 1051
3453307 1052
821066 1053
1231599 1054
2052665 1055
2873731 1056
4515863 1057
5336929 1058
175398 1059
292330 1060
438495 1061
409262 1062
613893 1063
1023155 1064
643126 1065
964689 1066
1607815 1067
2250941 1068
760058 1069
1140087 1070
1900145 1071
2660203 1072
4180319 1073
993922 1074
1490883 1075
2484805 1076
3478727 1077
5466571 1078
6460493 1079
1110854 1080
1666281 1081
2777135 1082
3887989 1083
6109697 1084
7220551 1085
9442259 1086
221154 1087
368590 1088
552885 1089
516026 1090
774039 1091
1290065 1092
810898 1093
1216347 1094
2027245 1095
2838143 1096
958334 1097
1437501 1098
2395835 1099
3354169 1100
5270837 1101
1253206 1102
1879809 1103
3133015 1104
4386221 1105
6892633 1106
8145839 1107
1400642 1108
2100963 1109
3501605 1110
4902247 1111
7703531 1112
9104173 1113
11905457 1114
1695514 1115
2543271 1116
4238785 1117
5934299 1118
9325327 1119
11020841 1120
14411869 1121
16107383 1122
45510 1123
63714 1124
106190 1125
159285 1126
100122 1127
166870 1128
250305 1129
233618 1130
350427 1131
584045 1132
118326 1133
197210 1134
295815 1135
276094 1136
414141 1137
690235 1138
433862 1139
650793 1140
1084655 1141
1518517 1142
154734 1143
257890 1144
386835 1145
361046 1146
541569 1147
902615 1148
567358 1149
851037 1150
1418395 1151
1985753 1152
670514 1153
1005771 1154
1676285 1155
2346799 1156
3687827 1157
172938 1158
288230 1159
432345 1160
403522 1161
605283 1162
1008805 1163
634106 1164
951159 1165
1585265 1166
2219371 1167
749398 1168
1124097 1169
1873495 1170
2622893 1171
4121689 1172
979982 1173
1469973 1174
2449955 1175
3429937 1176
5389901 1177
6369883 1178
209346 1179
348910 1180
523365 1181
488474 1182
732711 1183
1221185 1184
767602 1185
1151403 1186
1919005 1187
2686607 1188
907166 1189
1360749 1190
2267915 1191
3175081 1192
4989413 1193
1186294 1194
1779441 1195
2965735 1196
4152029 1197
6524617 1198
7710911 1199
1325858 1200
1988787 1201
3314645 1202
4640503 1203
7292219 1204
8618077 1205
11269793 1206
263958 1207
439930 1208
659895 1209
615902 1210
923853 1211
1539755 1212
967846 1213
1451769 1214
2419615 1215
3387461 1216
1143818 1217
1715727 1218
2859545 1219
4003363 1220
6290999 1221
1495762 1222
2243643 1223
3739405 1224
5235167 1225
8226691 1226
9722453 1227
1671734 1228
2507601 1229
4179335 1230
5851069 1231
9194537 1232
10866271 1233
14209739 1234
2023678 1235
3035517 1236
5059195 1237
7082873 1238
11130229 1239
13153907 1240
17201263 1241
19224941 1242
282162 1243
470270 1244
705405 1245
658378 1246
987567 1247
1645945 1248
1034594 1249
1551891 1250
2586485 1251
3621079 1252
1222702 1253
1834053 1254
3056755 1255
4279457 1256
6724861 1257
1598918 1258
2398377 1259
3997295 1260
5596213 1261
8794049 1262
10392967 1263
1787026 1264
2680539 1265
4467565 1266
6254591 1267
9828643 1268
11615669 1269
15189721 1270
2163242 1271
3244863 1272
5408105 1273
7571347 1274
11897831 1275
14061073 1276
18387557 1277
20550799 1278
2727566 1279
4091349 1280
6818915 1281
9546481 1282
15001613 1283
17729179 1284
23184311 1285
25911877 1286
31367009 1287
420 1288
630 1289
1050 1290
1470 1291
660 1292
990 1293
1650 1294
924 1295
1386 1296
1540 1297
3465 1298
3850 1299
5775 1300
3234 1301
5390 1302
8085 1303
3630 1304
5082 1305
8470 1306
12705 1307
780 1308
1170 1309
1950 1310
1092 1311
1638 1312
1820 1313
4095 1314
4550 1315
6825 1316
3822 1317
6370 1318
9555 1319
1716 1320
2574 1321
2860 1322
6435 1323
7150 1324
10725 1325
4004 1326
9009 1327
25025 1328
14014 1329
21021 1330
35035 1331
9438 1332
15730 1333
23595 1334
22022 1335
33033 1336
55055 1337
5070 1338
7098 1339
11830 1340
17745 1341
11154 1342
18590 1343
27885 1344
26026 1345
39039 1346
65065 1347
1020 1348
1530 1349
2550 1350
1428 1351
2142 1352
2380 1353
5355 1354
5950 1355
8925 1356
4998 1357
8330 1358
12495 1359
2244 1360
3366 1361
3740 1362
8415 1363
9350 1364
14025 1365
5236 1366
11781 1367
32725 1368
18326 1369
27489 1370
45815 1371
12342 1372
20570 1373
30855 1374
28798 1375
43197 1376
71995 1377
2652 1378
3978 1379
4420 1380
9945 1381
11050 1382
16575 1383
6188 1384
13923 1385
38675 1386
21658 1387
32487 1388
54145 1389
9724 1390
21879 1391
60775 1392
119119 1393
53482 1394
80223 1395
133705 1396
187187 1397
17238 1398
28730 1399
43095 1400
40222 1401
60333 1402
100555 1403
63206 1404
94809 1405
158015 1406
221221 1407
8670 1408
12138 1409
20230 1410
30345 1411
19074 1412
31790 1413
47685 1414
44506 1415
66759 1416
111265 1417
22542 1418
37570 1419
56355 1420
52598 1421
78897 1422
131495 1423
82654 1424
123981 1425
206635 1426
289289 1427
1140 1428
1710 1429
2850 1430
1596 1431
2394 1432
2660 1433
5985 1434
6650 1435
9975 1436
5586 1437
9310 1438
13965 1439
2508 1440
3762 1441
4180 1442
9405 1443
10450 1444
15675 1445
5852 1446
13167 1447
36575 1448
20482 1449
30723 1450
51205 1451
13794 1452
22990 1453
34485 1454
32186 1455
48279 1456
80465 1457
2964 1458
4446 1459
4940 1460
11115 1461
12350 1462
18525 1463
6916 1464
15561 1465
43225 1466
24206 1467
36309 1468
60515 1469
10868 1470
24453 1471
67925 1472
133133 1473
59774 1474
89661 1475
149435 1476
209209 1477
19266 1478
32110 1479
48165 1480
44954 1481
67431 1482
112385 1483
70642 1484
105963 1485
176605 1486
247247 1487
3876 1488
5814 1489
6460 1490
14535 1491
16150 1492
24225 1493
9044 1494
20349 1495
56525 1496
31654 1497
47481 1498
79135 1499
14212 1500
31977 1501
88825 1502
174097 1503
78166 1504
117249 1505
195415 1506
273581 1507
16796 1508
37791 1509
104975 1510
205751 1511
508079 1512
109174 1513
163761 1514
272935 1515
382109 1516
600457 1517
32946 1518
54910 1519
82365 1520
76874 1521
115311 1522
192185 1523
120802 1524
181203 1525
302005 1526
422807 1527
142766 1528
214149 1529
356915 1530
499681 1531
785213 1532
10830 1533
15162 1534
25270 1535
37905 1536
23826 1537
39710 1538
59565 1539
55594 1540
83391 1541
138985 1542
28158 1543
46930 1544
70395 1545
65702 1546
98553 1547
164255 1548
103246 1549
154869 1550
258115 1551
361361 1552
36822 1553
61370 1554
92055 1555
85918 1556
128877 1557
214795 1558
135014 1559
202521 1560
337535 1561
472549 1562
159562 1563
239343 1564
398905 1565
558467 1566
877591 1567
1380 1568
2070 1569
3450 1570
1932 1571
2898 1572
3220 1573
7245 1574
8050 1575
12075 1576
6762 1577
11270 1578
16905 1579
3036 1580
4554 1581
5060 1582
11385 1583
12650 1584
18975 1585
7084 1586
15939 1587
44275 1588
24794 1589
37191 1590
61985 1591
16698 1592
27830 1593
41745 1594
38962 1595
58443 1596
97405 1597
3588 1598
5382 1599
5980 1600
13455 1601
14950 1602
22425 1603
8372 1604
18837 1605
52325 1606
29302 1607
43953 1608
73255 1609
13156 1610
29601 1611
82225 1612
161161 1613
72358 1614
108537 1615
180895 1616
253253 1617
23322 1618
38870 1619
58305 1620
54418 1621
81627 1622
136045 1623
85514 1624
128271 1625
213785 1626
299299 1627
4692 1628
7038 1629
7820 1630
17595 1631
19550 1632
29325 1633
10948 1634
24633 1635
68425 1636
38318 1637
57477 1638
95795 1639
17204 1640
38709 1641
107525 1642
210749 1643
94622 1644
141933 1645
236555 1646
331177 1647
20332 1648
45747 1649
127075 1650
249067 1651
615043 1652
132158 1653
198237 1654
330395 1655
462553 1656
726869 1657
39882 1658
66470 1659
99705 1660
93058 1661
139587 1662
232645 1663
146234 1664
219351 1665
365585 1666
511819 1667
172822 1668
259233 1669
432055 1670
604877 1671
950521 1672
5244 1673
7866 1674
8740 1675
19665 1676
21850 1677
32775 1678
12236 1679
27531 1680
76475 1681
42826 1682
64239 1683
107065 1684
19228 1685
43263 1686
120175 1687
235543 1688
105754 1689
158631 1690
264385 1691
370139 1692
22724 1693
51129 1694
142025 1695
278369 1696
687401 1697
147706 1698
221559 1699
369265 1700
516971 1701
812383 1702
29716 1703
66861 1704
185725 1705
364021 1706
898909 1707
1255501 1708
252586 1709
378879 1710
631465 1711
884051 1712
1389223 1713
1641809 1714
49818 1715
83030 1716
124545 1717
116242 1718
174363 1719
290605 1720
182666 1721
273999 1722
456665 1723
639331 1724
215878 1725
323817 1726
539695 1727
755573 1728
1187329 1729
282302 1730
423453 1731
705755 1732
988057 1733
1552661 1734
1834963 1735
15870 1736
22218 1737
37030 1738
55545 1739
34914 1740
58190 1741
87285 1742
81466 1743
122199 1744
203665 1745
41262 1746
68770 1747
103155 1748
96278 1749
144417 1750
240695 1751
151294 1752
226941 1753
378235 1754
529529 1755
53958 1756
89930 1757
134895 1758
125902 1759
188853 1760
314755 1761
197846 1762
296769 1763
494615 1764
692461 1765
233818 1766
350727 1767
584545 1768
818363 1769
1285999 1770
60306 1771
100510 1772
150765 1773
140714 1774
211071 1775
351785 1776
221122 1777
331683 1778
552805 1779
773927 1780
261326 1781
391989 1782
653315 1783
914641 1784
1437293 1785
341734 1786
512601 1787
854335 1788
1196069 1789
1879537 1790
2221271 1791
1740 1792
2610 1793
4350 1794
2436 1795
3654 1796
4060 1797
9135 1798
10150 1799
15225 1800
8526 1801
14210 1802
21315 1803
3828 1804
5742 1805
6380 1806
14355 1807
15950 1808
23925 1809
8932 1810
20097 1811
55825 1812
31262 1813
46893 1814
78155 1815
21054 1816
35090 1817
52635 1818
49126 1819
73689 1820
122815 1821
4524 1822
6786 1823
7540 1824
16965 1825
18850 1826
28275 1827
10556 1828
23751 1829
65975 1830
36946 1831
55419 1832
92365 1833
16588 1834
37323 1835
103675 1836
203203 1837
91234 1838
136851 1839
228085 1840
319319 1841
29406 1842
49010 1843
73515 1844
68614 1845
102921 1846
171535 1847
107822 1848
161733 1849
269555 1850
377377 1851
5916 1852
8874 1853
9860 1854
22185 1855
24650 1856
36975 1857
13804 1858
31059 1859
86275 1860
48314 1861
72471 1862
120785 1863
21692 1864
48807 1865
135575 1866
265727 1867
119306 1868
178959 1869
298265 1870
417571 1871
25636 1872
57681 1873
160225 1874
314041 1875
775489 1876
166634 1877
249951 1878
416585 1879
583219 1880
916487 1881
50286 1882
83810 1883
125715 1884
117334 1885
176001 1886
293335 1887
184382 1888
276573 1889
460955 1890
645337 1891
217906 1892
326859 1893
544765 1894
762671 1895
1198483 1896
6612 1897
9918 1898
11020 1899
24795 1900
27550 1901
41325 1902
15428 1903
34713 1904
96425 1905
53998 1906
80997 1907
134995 1908
24244 1909
54549 1910
151525 1911
296989 1912
133342 1913
200013 1914
333355 1915
466697 1916
28652 1917
64467 1918
179075 1919
350987 1920
866723 1921
186238 1922
279357 1923
465595 1924
651833 1925
1024309 1926
37468 1927
84303 1928
234175 1929
458983 1930
1133407 1931
1583023 1932
318478 1933
477717 1934
796195 1935
1114673 1936
1751629 1937
2070107 1938
62814 1939
104690 1940
157035 1941
146566 1942
219849 1943
366415 1944
230318 1945
345477 1946
575795 1947
806113 1948
272194 1949
408291 1950
680485 1951
952679 1952
1497067 1953
355946 1954
533919 1955
889865 1956
1245811 1957
1957703 1958
2313649 1959
8004 1960
12006 1961
13340 1962
30015 1963
33350 1964
50025 1965
18676 1966
42021 1967
116725 1968
65366 1969
98049 1970
163415 1971
29348 1972
66033 1973
183425 1974
359513 1975
161414 1976
242121 1977
403535 1978
564949 1979
34684 1980
78039 1981
216775 1982
424879 1983
1049191 1984
225446 1985
338169 1986
563615 1987
789061 1988
1239953 1989
45356 1990
102051 1991
283475 1992
555611 1993
1372019 1994
1916291 1995
385526 1996
578289 1997
963815 1998
1349341 1999
2120393 2000
2505919 2001
50692 2002
114057 2003
316825 2004
620977 2005
1533433 2006
2141737 2007
3662497 2008
481574 2009
722361 2010
1203935 2011
1685509 2012
2648657 2013
3130231 2014
4093379 2015
92046 2016
153410 2017
230115 2018
214774 2019
322161 2020
536935 2021
337502 2022
506253 2023
843755 2024
1181257 2025
398866 2026
598299 2027
997165 2028
1396031 2029
2193763 2030
521594 2031
782391 2032
1303985 2033
1825579 2034
2868767 2035
3390361 2036
582958 2037
874437 2038
1457395 2039
2040353 2040
3206269 2041
3789227 2042
4955143 2043
25230 2044
35322 2045
58870 2046
88305 2047
55506 2048
92510 2049
138765 2050
129514 2051
194271 2052
323785 2053
65598 2054
109330 2055
163995 2056
153062 2057
229593 2058
382655 2059
240526 2060
360789 2061
601315 2062
841841 2063
85782 2064
142970 2065
214455 2066
200158 2067
300237 2068
500395 2069
314534 2070
471801 2071
786335 2072
1100869 2073
371722 2074
557583 2075
929305 2076
1301027 2077
2044471 2078
95874 2079
159790 2080
239685 2081
223706 2082
335559 2083
559265 2084
351538 2085
527307 2086
878845 2087
1230383 2088
415454 2089
623181 2090
1038635 2091
1454089 2092
2284997 2093
543286 2094
814929 2095
1358215 2096
1901501 2097
2988073 2098
3531359 2099
116058 2100
193430 2101
290145 2102
270802 2103
406203 2104
677005 2105
425546 2106
638319 2107
1063865 2108
1489411 2109
502918 2110
754377 2111
1257295 2112
1760213 2113
2766049 2114
657662 2115
986493 2116
1644155 2117
2301817 2118
3617141 2119
4274803 2120
735034 2121
1102551 2122
1837585 2123
2572619 2124
4042687 2125
4777721 2126
6247789 2127
1860 2128
2790 2129
4650 2130
2604 2131
3906 2132
4340 2133
9765 2134
10850 2135
16275 2136
9114 2137
15190 2138
22785 2139
4092 2140
6138 2141
6820 2142
15345 2143
17050 2144
25575 2145
9548 2146
21483 2147
59675 2148
33418 2149
50127 2150
83545 2151
22506 2152
37510 2153
56265 2154
52514 2155
78771 2156
131285 2157
4836 2158
7254 2159
8060 2160
18135 2161
20150 2162
30225 2163
11284 2164
25389 2165
70525 2166
39494 2167
59241 2168
98735 2169
17732 2170
39897 2171
110825 2172
217217 2173
97526 2174
146289 2175
243815 2176
341341 2177
31434 2178
52390 2179
78585 2180
73346 2181
110019 2182
183365 2183
115258 2184
172887 2185
288145 2186
403403 2187
6324 2188
9486 2189
10540 2190
23715 2191
26350 2192
39525 2193
14756 2194
33201 2195
92225 2196
51646 2197
77469 2198
129115 2199
23188 2200
52173 2201
144925 2202
284053 2203
127534 2204
191301 2205
318835 2206
446369 2207
27404 2208
61659 2209
171275 2210
335699 2211
828971 2212
178126 2213
267189 2214
445315 2215
623441 2216
979693 2217
53754 2218
89590 2219
134385 2220
125426 2221
188139 2222
313565 2223
197098 2224
295647 2225
492745 2226
689843 2227
232934 2228
349401 2229
582335 2230
815269 2231
1281137 2232
7068 2233
10602 2234
11780 2235
26505 2236
29450 2237
44175 2238
16492 2239
37107 2240
103075 2241
57722 2242
86583 2243
144305 2244
25916 2245
58311 2246
161975 2247
317471 2248
142538 2249
213807 2250
356345 2251
498883 2252
30628 2253
68913 2254
191425 2255
375193 2256
926497 2257
199082 2258
298623 2259
497705 2260
696787 2261
1094951 2262
40052 2263
90117 2264
250325 2265
490637 2266
1211573 2267
1692197 2268
340442 2269
510663 2270
851105 2271
1191547 2272
1872431 2273
2212873 2274
67146 2275
111910 2276
167865 2277
156674 2278
235011 2279
391685 2280
246202 2281
369303 2282
615505 2283
861707 2284
290966 2285
436449 2286
727415 2287
1018381 2288
1600313 2289
380494 2290
570741 2291
951235 2292
1331729 2293
2092717 2294
2473211 2295
8556 2296
12834 2297
14260 2298
32085 2299
35650 2300
53475 2301
19964 2302
44919 2303
124775 2304
69874 2305
104811 2306
174685 2307
31372 2308
70587 2309
196075 2310
384307 2311
172546 2312
258819 2313
431365 2314
603911 2315
37076 2316
83421 2317
231725 2318
454181 2319
1121549 2320
240994 2321
361491 2322
602485 2323
843479 2324
1325467 2325
48484 2326
109089 2327
303025 2328
593929 2329
1466641 2330
2048449 2331
412114 2332
618171 2333
1030285 2334
1442399 2335
2266627 2336
2678741 2337
54188 2338
121923 2339
338675 2340
663803 2341
1639187 2342
2289443 2343
3915083 2344
514786 2345
772179 2346
1286965 2347
1801751 2348
2831323 2349
3346109 2350
4375681 2351
98394 2352
163990 2353
245985 2354
229586 2355
344379 2356
573965 2357
360778 2358
541167 2359
901945 2360
1262723 2361
426374 2362
639561 2363
1065935 2364
1492309 2365
2345057 2366
557566 2367
836349 2368
1393915 2369
1951481 2370
3066613 2371
3624179 2372
623162 2373
934743 2374
1557905 2375
2181067 2376
3427391 2377
4050553 2378
5296877 2379
10788 2380
16182 2381
17980 2382
40455 2383
44950 2384
67425 2385
25172 2386
56637 2387
157325 2388
88102 2389
132153 2390
220255 2391
39556 2392
89001 2393
247225 2394
484561 2395
217558 2396
326337 2397
543895 2398
761453 2399
46748 2400
105183 2401
292175 2402
572663 2403
1414127 2404
303862 2405
455793 2406
759655 2407
1063517 2408
1671241 2409
61132 2410
137547 2411
382075 2412
748867 2413
1849243 2414
2582827 2415
519622 2416
779433 2417
1299055 2418
1818677 2419
2857921 2420
3377543 2421
68324 2422
153729 2423
427025 2424
836969 2425
2066801 2426
2886689 2427
4936409 2428
649078 2429
973617 2430
1622695 2431
2271773 2432
3569929 2433
4219007 2434
5517163 2435
82708 2436
186093 2437
516925 2438
1013173 2439
2501917 2440
3494413 2441
5975653 2442
7464397 2443
951142 2444
1426713 2445
2377855 2446
3328997 2447
5231281 2448
6182423 2449
8084707 2450
9035849 2451
156426 2452
260710 2453
391065 2454
364994 2455
547491 2456
912485 2457
573562 2458
860343 2459
1433905 2460
2007467 2461
677846 2462
1016769 2463
1694615 2464
2372461 2465
3728153 2466
886414 2467
1329621 2468
2216035 2469
3102449 2470
4875277 2471
5761691 2472
990698 2473
1486047 2474
2476745 2475
3467443 2476
5448839 2477
6439537 2478
8420933 2479
1199266 2480
1798899 2481
2998165 2482
4197431 2483
6595963 2484
7795229 2485
10193761 2486
11393027 2487
28830 2488
40362 2489
67270 2490
100905 2491
63426 2492
105710 2493
158565 2494
147994 2495
221991 2496
369985 2497
74958 2498
124930 2499
187395 2500
174902 2501
262353 2502
437255 2503
274846 2504
412269 2505
687115 2506
961961 2507
98022 2508
163370 2509
245055 2510
228718 2511
343077 2512
571795 2513
359414 2514
539121 2515
898535 2516
1257949 2517
424762 2518
637143 2519
1061905 2520
1486667 2521
2336191 2522
109554 2523
182590 2524
273885 2525
255626 2526
383439 2527
639065 2528
401698 2529
602547 2530
1004245 2531
1405943 2532
474734 2533
712101 2534
1186835 2535
1661569 2536
2611037 2537
620806 2538
931209 2539
1552015 2540
2172821 2541
3414433 2542
4035239 2543
132618 2544
221030 2545
331545 2546
309442 2547
464163 2548
773605 2549
486266 2550
729399 2551
1215665 2552
1701931 2553
574678 2554
862017 2555
1436695 2556
2011373 2557
3160729 2558
751502 2559
1127253 2560
1878755 2561
2630257 2562
4133261 2563
4884763 2564
839914 2565
1259871 2566
2099785 2567
2939699 2568
4619527 2569
5459441 2570
7139269 2571
167214 2572
278690 2573
418035 2574
390166 2575
585249 2576
975415 2577
613118 2578
919677 2579
1532795 2580
2145913 2581
724594 2582
1086891 2583
1811485 2584
2536079 2585
3985267 2586
947546 2587
1421319 2588
2368865 2589
3316411 2590
5211503 2591
6159049 2592
1059022 2593
1588533 2594
2647555 2595
3706577 2596
5824621 2597
6883643 2598
9001687 2599
1281974 2600
1922961 2601
3204935 2602
4486909 2603
7050857 2604
8332831 2605
10896779 2606
12178753 2607
2220 2608
3330 2609
5550 2610
3108 2611
4662 2612
5180 2613
11655 2614
12950 2615
19425 2616
10878 2617
18130 2618
27195 2619
4884 2620
7326 2621
8140 2622
18315 2623
20350 2624
30525 2625
11396 2626
25641 2627
71225 2628
39886 2629
59829 2630
99715 2631
26862 2632
44770 2633
67155 2634
62678 2635
94017 2636
156695 2637
5772 2638
8658 2639
9620 2640
21645 2641
24050 2642
36075 2643
13468 2644
30303 2645
84175 2646
47138 2647
70707 2648
117845 2649
21164 2650
47619 2651
132275 2652
259259 2653
116402 2654
174603 2655
291005 2656
407407 2657
37518 2658
62530 2659
93795 2660
87542 2661
131313 2662
218855 2663
137566 2664
206349 2665
343915 2666
481481 2667
7548 2668
11322 2669
12580 2670
28305 2671
31450 2672
47175 2673
17612 2674
39627 2675
110075 2676
61642 2677
92463 2678
154105 2679
27676 2680
62271 2681
172975 2682
339031 2683
152218 2684
228327 2685
380545 2686
532763 2687
32708 2688
73593 2689
204425 2690
400673 2691
989417 2692
212602 2693
318903 2694
531505 2695
744107 2696
1169311 2697
64158 2698
106930 2699
160395 2700
149702 2701
224553 2702
374255 2703
235246 2704
352869 2705
588115 2706
823361 2707
278018 2708
417027 2709
695045 2710
973063 2711
1529099 2712
8436 2713
12654 2714
14060 2715
31635 2716
35150 2717
52725 2718
19684 2719
44289 2720
123025 2721
68894 2722
103341 2723
172235 2724
30932 2725
69597 2726
193325 2727
378917 2728
170126 2729
255189 2730
425315 2731
595441 2732
36556 2733
82251 2734
228475 2735
447811 2736
1105819 2737
237614 2738
356421 2739
594035 2740
831649 2741
1306877 2742
47804 2743
107559 2744
298775 2745
585599 2746
1446071 2747
2019719 2748
406334 2749
609501 2750
1015835 2751
1422169 2752
2234837 2753
2641171 2754
80142 2755
133570 2756
200355 2757
186998 2758
280497 2759
467495 2760
293854 2761
440781 2762
734635 2763
1028489 2764
347282 2765
520923 2766
868205 2767
1215487 2768
1910051 2769
454138 2770
681207 2771
1135345 2772
1589483 2773
2497759 2774
2951897 2775
10212 2776
15318 2777
17020 2778
38295 2779
42550 2780
63825 2781
23828 2782
53613 2783
148925 2784
83398 2785
125097 2786
208495 2787
37444 2788
84249 2789
234025 2790
458689 2791
205942 2792
308913 2793
514855 2794
720797 2795
44252 2796
99567 2797
276575 2798
542087 2799
1338623 2800
287638 2801
431457 2802
719095 2803
1006733 2804
1582009 2805
57868 2806
130203 2807
361675 2808
708883 2809
1750507 2810
2444923 2811
491878 2812
737817 2813
1229695 2814
1721573 2815
2705329 2816
3197207 2817
64676 2818
145521 2819
404225 2820
792281 2821
1956449 2822
2732561 2823
4672841 2824
614422 2825
921633 2826
1536055 2827
2150477 2828
3379321 2829
3993743 2830
5222587 2831
117438 2832
195730 2833
293595 2834
274022 2835
411033 2836
685055 2837
430606 2838
645909 2839
1076515 2840
1507121 2841
508898 2842
763347 2843
1272245 2844
1781143 2845
2798939 2846
665482 2847
998223 2848
1663705 2849
2329187 2850
3660151 2851
4325633 2852
743774 2853
1115661 2854
1859435 2855
2603209 2856
4090757 2857
4834531 2858
6322079 2859
12876 2860
19314 2861
21460 2862
48285 2863
53650 2864
80475 2865
30044 2866
67599 2867
187775 2868
105154 2869
157731 2870
262885 2871
47212 2872
106227 2873
295075 2874
578347 2875
259666 2876
389499 2877
649165 2878
908831 2879
55796 2880
125541 2881
348725 2882
683501 2883
1687829 2884
362674 2885
544011 2886
906685 2887
1269359 2888
1994707 2889
72964 2890
164169 2891
456025 2892
893809 2893
2207161 2894
3082729 2895
620194 2896
930291 2897
1550485 2898
2170679 2899
3411067 2900
4031261 2901
81548 2902
183483 2903
509675 2904
998963 2905
2466827 2906
3445403 2907
5891843 2908
774706 2909
1162059 2910
1936765 2911
2711471 2912
4260883 2913
5035589 2914
6585001 2915
98716 2916
222111 2917
616975 2918
1209271 2919
2986159 2920
4170751 2921
7132231 2922
8909119 2923
1135234 2924
1702851 2925
2838085 2926
3973319 2927
6243787 2928
7379021 2929
9649489 2930
10784723 2931
186702 2932
311170 2933
466755 2934
435638 2935
653457 2936
1089095 2937
684574 2938
1026861 2939
1711435 2940
2396009 2941
809042 2942
1213563 2943
2022605 2944
2831647 2945
4449731 2946
1057978 2947
1586967 2948
2644945 2949
3702923 2950
5818879 2951
6876857 2952
1182446 2953
1773669 2954
2956115 2955
4138561 2956
6503453 2957
7685899 2958
10050791 2959
1431382 2960
2147073 2961
3578455 2962
5009837 2963
7872601 2964
9303983 2965
12166747 2966
13598129 2967
13764 2968
20646 2969
22940 2970
51615 2971
57350 2972
86025 2973
32116 2974
72261 2975
200725 2976
112406 2977
168609 2978
281015 2979
50468 2980
113553 2981
315425 2982
618233 2983
277574 2984
416361 2985
693935 2986
971509 2987
59644 2988
134199 2989
372775 2990
730639 2991
1804231 2992
387686 2993
581529 2994
969215 2995
1356901 2996
2132273 2997
77996 2998
175491 2999
487475 3000
955451 3001
2359379 3002
3295331 3003
662966 3004
994449 3005
1657415 3006
2320381 3007
3646313 3008
4309279 3009
87172 3010
196137 3011
544825 3012
1067857 3013
2636953 3014
3683017 3015
6298177 3016
828134 3017
1242201 3018
2070335 3019
2898469 3020
4554737 3021
5382871 3022
7039139 3023
105524 3024
237429 3025
659525 3026
1292669 3027
3192101 3028
4458389 3029
7624109 3030
9523541 3031
1213526 3032
1820289 3033
3033815 3034
4247341 3035
6674393 3036
7887919 3037
10314971 3038
11528497 3039
133052 3040
299367 3041
831575 3042
1629887 3043
4024823 3044
5621447 3045
9613007 3046
12007943 3047
17596127 3048
1929254 3049
2893881 3050
4823135 3051
6752389 3052
10610897 3053
12540151 3054
16398659 3055
18327913 3056
22186421 3057
213342 3058
355570 3059
533355 3060
497798 3061
746697 3062
1244495 3063
782254 3064
1173381 3065
1955635 3066
2737889 3067
924482 3068
1386723 3069
2311205 3070
3235687 3071
5084651 3072
1208938 3073
1813407 3074
3022345 3075
4231283 3076
6649159 3077
7858097 3078
1351166 3079
2026749 3080
3377915 3081
4729081 3082
7431413 3083
8782579 3084
11484911 3085
1635622 3086
2453433 3087
4089055 3088
5724677 3089
8995921 3090
10631543 3091
13902787 3092
15538409 3093
2062306 3094
3093459 3095
5155765 3096
7218071 3097
11342683 3098
13404989 3099
17529601 3100
19591907 3101
23716519 3102
41070 3103
57498 3104
95830 3105
143745 3106
90354 3107
150590 3108
225885 3109
210826 3110
316239 3111
527065 3112
106782 3113
177970 3114
266955 3115
249158 3116
373737 3117
622895 3118
391534 3119
587301 3120
978835 3121
1370369 3122
139638 3123
232730 3124
349095 3125
325822 3126
488733 3127
814555 3128
512006 3129
768009 3130
1280015 3131
1792021 3132
605098 3133
907647 3134
1512745 3135
2117843 3136
3328039 3137
156066 3138
260110 3139
390165 3140
364154 3141
546231 3142
910385 3143
572242 3144
858363 3145
1430605 3146
2002847 3147
676286 3148
1014429 3149
1690715 3150
2367001 3151
3719573 3152
884374 3153
1326561 3154
2210935 3155
3095309 3156
4864057 3157
5748431 3158
188922 3159
314870 3160
472305 3161
440818 3162
661227 3163
1102045 3164
692714 3165
1039071 3166
1731785 3167
2424499 3168
818662 3169
1227993 3170
2046655 3171
2865317 3172
4502641 3173
1070558 3174
1605837 3175
2676395 3176
3746953 3177
5888069 3178
6958627 3179
1196506 3180
1794759 3181
2991265 3182
4187771 3183
6580783 3184
7777289 3185
10170301 3186
238206 3187
397010 3188
595515 3189
555814 3190
833721 3191
1389535 3192
873422 3193
1310133 3194
2183555 3195
3056977 3196
1032226 3197
1548339 3198
2580565 3199
3612791 3200
5677243 3201
1349834 3202
2024751 3203
3374585 3204
4724419 3205
7424087 3206
8773921 3207
1508638 3208
2262957 3209
3771595 3210
5280233 3211
8297509 3212
9806147 3213
12823423 3214
1826246 3215
2739369 3216
4565615 3217
6391861 3218
10044353 3219
11870599 3220
15523091 3221
17349337 3222
254634 3223
424390 3224
636585 3225
594146 3226
891219 3227
1485365 3228
933658 3229
1400487 3230
2334145 3231
3267803 3232
1103414 3233
1655121 3234
2758535 3235
3861949 3236
6068777 3237
1442926 3238
2164389 3239
3607315 3240
5050241 3241
7936093 3242
9379019 3243
1612682 3244
2419023 3245
4031705 3246
5644387 3247
8869751 3248
10482433 3249
13707797 3250
1952194 3251
2928291 3252
4880485 3253
6832679 3254
10737067 3255
12689261 3256
16593649 3257
18545843 3258
2461462 3259
3692193 3260
6153655 3261
8615117 3262
13538041 3263
15999503 3264
20922427 3265
23383889 3266
28306813 3267
2460 3268
3690 3269
6150 3270
3444 3271
5166 3272
5740 3273
12915 3274
14350 3275
21525 3276
12054 3277
20090 3278
30135 3279
5412 3280
8118 3281
9020 3282
20295 3283
22550 3284
33825 3285
12628 3286
28413 3287
78925 3288
44198 3289
66297 3290
110495 3291
29766 3292
49610 3293
74415 3294
69454 3295
104181 3296
173635 3297
6396 3298
9594 3299
10660 3300
23985 3301
26650 3302
39975 3303
14924 3304
33579 3305
93275 3306
52234 3307
78351 3308
130585 3309
23452 3310
52767 3311
146575 3312
287287 3313
128986 3314
193479 3315
322465 3316
451451 3317
41574 3318
69290 3319
103935 3320
97006 3321
145509 3322
242515 3323
152438 3324
228657 3325
381095 3326
533533 3327
8364 3328
12546 3329
13940 3330
31365 3331
34850 3332
52275 3333
19516 3334
43911 3335
121975 3336
68306 3337
102459 3338
170765 3339
30668 3340
69003 3341
191675 3342
375683 3343
168674 3344
253011 3345
421685 3346
590359 3347
36244 3348
81549 3349
226525 3350
443989 3351
1096381 3352
235586 3353
353379 3354
588965 3355
824551 3356
1295723 3357
71094 3358
118490 3359
177735 3360
165886 3361
248829 3362
414715 3363
260678 3364
391017 3365
651695 3366
912373 3367
308074 3368
462111 3369
770185 3370
1078259 3371
1694407 3372
9348 3373
14022 3374
15580 3375
35055 3376
38950 3377
58425 3378
21812 3379
49077 3380
136325 3381
76342 3382
114513 3383
190855 3384
34276 3385
77121 3386
214225 3387
419881 3388
188518 3389
282777 3390
471295 3391
659813 3392
40508 3393
91143 3394
253175 3395
496223 3396
1225367 3397
263302 3398
394953 3399
658255 3400
921557 3401
1448161 3402
52972 3403
119187 3404
331075 3405
648907 3406
1602403 3407
2238067 3408
450262 3409
675393 3410
1125655 3411
1575917 3412
2476441 3413
2926703 3414
88806 3415
148010 3416
222015 3417
207214 3418
310821 3419
518035 3420
325622 3421
488433 3422
814055 3423
1139677 3424
384826 3425
577239 3426
962065 3427
1346891 3428
2116543 3429
503234 3430
754851 3431
1258085 3432
1761319 3433
2767787 3434
3271021 3435
11316 3436
16974 3437
18860 3438
42435 3439
47150 3440
70725 3441
26404 3442
59409 3443
165025 3444
92414 3445
138621 3446
231035 3447
41492 3448
93357 3449
259325 3450
508277 3451
228206 3452
342309 3453
570515 3454
798721 3455
49036 3456
110331 3457
306475 3458
600691 3459
1483339 3460
318734 3461
478101 3462
796835 3463
1115569 3464
1753037 3465
64124 3466
144279 3467
400775 3468
785519 3469
1939751 3470
2709239 3471
545054 3472
817581 3473
1362635 3474
1907689 3475
2997797 3476
3542851 3477
71668 3478
161253 3479
447925 3480
877933 3481
2167957 3482
3027973 3483
5178013 3484
680846 3485
1021269 3486
1702115 3487
2382961 3488
3744653 3489
4425499 3490
5787191 3491
130134 3492
216890 3493
325335 3494
303646 3495
455469 3496
759115 3497
477158 3498
715737 3499
1192895 3500
1670053 3501
563914 3502
845871 3503
1409785 3504
1973699 3505
3101527 3506
737426 3507
1106139 3508
1843565 3509
2580991 3510
4055843 3511
4793269 3512
824182 3513
1236273 3514
2060455 3515
2884637 3516
4533001 3517
5357183 3518
7005547 3519
14268 3520
21402 3521
23780 3522
53505 3523
59450 3524
89175 3525
33292 3526
74907 3527
208075 3528
116522 3529
174783 3530
291305 3531
52316 3532
117711 3533
326975 3534
640871 3535
287738 3536
431607 3537
719345 3538
1007083 3539
61828 3540
139113 3541
386425 3542
757393 3543
1870297 3544
401882 3545
602823 3546
1004705 3547
1406587 3548
2210351 3549
80852 3550
181917 3551
505325 3552
990437 3553
2445773 3554
3415997 3555
687242 3556
1030863 3557
1718105 3558
2405347 3559
3779831 3560
4467073 3561
90364 3562
203319 3563
564775 3564
1106959 3565
2733511 3566
3817879 3567
6528799 3568
858458 3569
1287687 3570
2146145 3571
3004603 3572
4721519 3573
5579977 3574
7296893 3575
109388 3576
246123 3577
683675 3578
1340003 3579
3308987 3580
4621643 3581
7903283 3582
9872267 3583
1257962 3584
1886943 3585
3144905 3586
4402867 3587
6918791 3588
8176753 3589
10692677 3590
11950639 3591
206886 3592
344810 3593
517215 3594
482734 3595
724101 3596
1206835 3597
758582 3598
1137873 3599
1896455 3600
2655037 3601
896506 3602
1344759 3603
2241265 3604
3137771 3605
4930783 3606
1172354 3607
1758531 3608
2930885 3609
4103239 3610
6447947 3611
7620301 3612
1310278 3613
1965417 3614
3275695 3615
4585973 3616
7206529 3617
8516807 3618
11137363 3619
1586126 3620
2379189 3621
3965315 3622
5551441 3623
8723693 3624
10309819 3625
13482071 3626
15068197 3627
15252 3628
22878 3629
25420 3630
57195 3631
63550 3632
95325 3633
35588 3634
80073 3635
222425 3636
124558 3637
186837 3638
311395 3639
55924 3640
125829 3641
349525 3642
685069 3643
307582 3644
461373 3645
768955 3646
1076537 3647
66092 3648
148707 3649
413075 3650
809627 3651
1999283 3652
429598 3653
644397 3654
1073995 3655
1503593 3656
2362789 3657
86428 3658
194463 3659
540175 3660
1058743 3661
2614447 3662
3651583 3663
734638 3664
1101957 3665
1836595 3666
2571233 3667
4040509 3668
4775147 3669
96596 3670
217341 3671
603725 3672
1183301 3673
2922029 3674
4081181 3675
6979061 3676
917662 3677
1376493 3678
2294155 3679
3211817 3680
5047141 3681
5964803 3682
7800127 3683
116932 3684
263097 3685
730825 3686
1432417 3687
3537193 3688
4940377 3689
8448337 3690
10553113 3691
1344718 3692
2017077 3693
3361795 3694
4706513 3695
7395949 3696
8740667 3697
11430103 3698
12774821 3699
147436 3700
331731 3701
921475 3702
1806091 3703
4459939 3704
6229171 3705
10652251 3706
13306099 3707
19498411 3708
2137822 3709
3206733 3710
5344555 3711
7482377 3712
11758021 3713
13895843 3714
18171487 3715
20309309 3716
24584953 3717
236406 3718
394010 3719
591015 3720
551614 3721
827421 3722
1379035 3723
866822 3724
1300233 3725
2167055 3726
3033877 3727
1024426 3728
1536639 3729
2561065 3730
3585491 3731
5634343 3732
1339634 3733
2009451 3734
3349085 3735
4688719 3736
7367987 3737
8707621 3738
1497238 3739
2245857 3740
3743095 3741
5240333 3742
8234809 3743
9732047 3744
12726523 3745
1812446 3746
2718669 3747
4531115 3748
6343561 3749
9968453 3750
11780899 3751
15405791 3752
17218237 3753
2285258 3754
3427887 3755
5713145 3756
7998403 3757
12568919 3758
14854177 3759
19424693 3760
21709951 3761
26280467 3762
18204 3763
27306 3764
30340 3765
68265 3766
75850 3767
113775 3768
42476 3769
95571 3770
265475 3771
148666 3772
222999 3773
371665 3774
66748 3775
150183 3776
417175 3777
817663 3778
367114 3779
550671 3780
917785 3781
1284899 3782
78884 3783
177489 3784
493025 3785
966329 3786
2386241 3787
512746 3788
769119 3789
1281865 3790
1794611 3791
2820103 3792
103156 3793
232101 3794
644725 3795
1263661 3796
3120469 3797
4358341 3798
876826 3799
1315239 3800
2192065 3801
3068891 3802
4822543 3803
5699369 3804
115292 3805
259407 3806
720575 3807
1412327 3808
3487583 3809
4871087 3810
8329847 3811
1095274 3812
1642911 3813
2738185 3814
3833459 3815
6024007 3816
7119281 3817
9309829 3818
139564 3819
314019 3820
872275 3821
1709659 3822
4221811 3823
5896579 3824
10083499 3825
12595651 3826
1604986 3827
2407479 3828
4012465 3829
5617451 3830
8827423 3831
10432409 3832
13642381 3833
15247367 3834
175972 3835
395937 3836
1099825 3837
2155657 3838
5323153 3839
7434817 3840
12713977 3841
15881473 3842
23272297 3843
2551594 3844
3827391 3845
6378985 3846
8930579 3847
14033767 3848
16585361 3849
21688549 3850
24240143 3851
29343331 3852
188108 3853
423243 3854
1175675 3855
2304323 3856
5690267 3857
7947563 3858
13590803 3859
16976747 3860
24877283 3861
39549707 3862
2915674 3863
4373511 3864
7289185 3865
10204859 3866
16036207 3867
18951881 3868
24783229 3869
27698903 3870
33530251 3871
42277273 3872
336774 3873
561290 3874
841935 3875
785806 3876
1178709 3877
1964515 3878
1234838 3879
1852257 3880
3087095 3881
4321933 3882
1459354 3883
2189031 3884
3648385 3885
5107739 3886
8026447 3887
1908386 3888
2862579 3889
4770965 3890
6679351 3891
10496123 3892
12404509 3893
2132902 3894
3199353 3895
5332255 3896
7465157 3897
11730961 3898
13863863 3899
18129667 3900
2581934 3901
3872901 3902
6454835 3903
9036769 3904
14200637 3905
16782571 3906
21946439 3907
24528373 3908
3255482 3909
4883223 3910
8138705 3911
11394187 3912
17905151 3913
21160633 3914
27671597 3915
30927079 3916
37438043 3917
3479998 3918
5219997 3919
8699995 3920
12179993 3921
19139989 3922
22619987 3923
29579983 3924
33059981 3925
40019977 3926
50459971 3927
50430 3928
70602 3929
117670 3930
176505 3931
110946 3932
184910 3933
277365 3934
258874 3935
388311 3936
647185 3937
131118 3938
218530 3939
327795 3940
305942 3941
458913 3942
764855 3943
480766 3944
721149 3945
1201915 3946
1682681 3947
171462 3948
285770 3949
428655 3950
400078 3951
600117 3952
1000195 3953
628694 3954
943041 3955
1571735 3956
2200429 3957
743002 3958
1114503 3959
1857505 3960
2600507 3961
4086511 3962
191634 3963
319390 3964
479085 3965
447146 3966
670719 3967
1117865 3968
702658 3969
1053987 3970
1756645 3971
2459303 3972
830414 3973
1245621 3974
2076035 3975
2906449 3976
4567277 3977
1085926 3978
1628889 3979
2714815 3980
3800741 3981
5972593 3982
7058519 3983
231978 3984
386630 3985
579945 3986
541282 3987
811923 3988
1353205 3989
850586 3990
1275879 3991
2126465 3992
2977051 3993
1005238 3994
1507857 3995
2513095 3996
3518333 3997
5528809 3998
1314542 3999
1971813 4000
3286355 4001
4600897 4002
7229981 4003
8544523 4004
1469194 4005
2203791 4006
3672985 4007
5142179 4008
8080567 4009
9549761 4010
12488149 4011
292494 4012
487490 4013
731235 4014
682486 4015
1023729 4016
1706215 4017
1072478 4018
1608717 4019
2681195 4020
3753673 4021
1267474 4022
1901211 4023
3168685 4024
4436159 4025
6971107 4026
1657466 4027
2486199 4028
4143665 4029
5801131 4030
9116063 4031
10773529 4032
1852462 4033
2778693 4034
4631155 4035
6483617 4036
10188541 4037
12041003 4038
15745927 4039
2242454 4040
3363681 4041
5606135 4042
7848589 4043
12333497 4044
14575951 4045
19060859 4046
21303313 4047
312666 4048
521110 4049
781665 4050
729554 4051
1094331 4052
1823885 4053
1146442 4054
1719663 4055
2866105 4056
4012547 4057
1354886 4058
2032329 4059
3387215 4060
4742101 4061
7451873 4062
1771774 4063
2657661 4064
4429435 4065
6201209 4066
9744757 4067
11516531 4068
1980218 4069
2970327 4070
4950545 4071
6930763 4072
10891199 4073
12871417 4074
16831853 4075
2397106 4076
3595659 4077
5992765 4078
8389871 4079
13184083 4080
15581189 4081
20375401 4082
22772507 4083
3022438 4084
4533657 4085
7556095 4086
10578533 4087
16623409 4088
19645847 4089
25690723 4090
28713161 4091
34758037 4092
373182 4093
621970 4094
932955 4095
870758 4096
1306137 4097
2176895 4098
1368334 4099
2052501 4100
3420835 4101
4789169 4102
1617122 4103
2425683 4104
4042805 4105
5659927 4106
8894171 4107
2114698 4108
3172047 4109
5286745 4110
7401443 4111
11630839 4112
13745537 4113
2363486 4114
3545229 4115
5908715 4116
8272201 4117
12999173 4118
15362659 4119
20089631 4120
2861062 4121
4291593 4122
7152655 4123
10013717 4124
15735841 4125
18596903 4126
24319027 4127
27180089 4128
3607426 4129
5411139 4130
9018565 4131
12625991 4132
19840843 4133
23448269 4134
30663121 4135
34270547 4136
41485399 4137
3856214 4138
5784321 4139
9640535 4140
13496749 4141
21209177 4142
25065391 4143
32777819 4144
36634033 4145
44346461 4146
55915103 4147
180 4148
300 4149
450 4150
252 4151
700 4152
1575 4153
588 4154
882 4155
980 4156
2205 4157
2450 4158
3675 4159
396 4160
1100 4161
2475 4162
2156 4163
4851 4164
13475 4165
1452 4166
2178 4167
2420 4168
5445 4169
6050 4170
9075 4171
3388 4172
7623 4173
21175 4174
11858 4175
17787 4176
29645 4177
468 4178
1300 4179
2925 4180
2548 4181
5733 4182
15925 4183
6292 4184
14157 4185
39325 4186
77077 4187
2028 4188
3042 4189
3380 4190
7605 4191
8450 4192
12675 4193
4732 4194
10647 4195
29575 4196
16562 4197
24843 4198
41405 4199
7436 4200
16731 4201
46475 4202
91091 4203
40898 4204
61347 4205
102245 4206
143143 4207
612 4208
1700 4209
3825 4210
3332 4211
7497 4212
20825 4213
8228 4214
18513 4215
51425 4216
100793 4217
11492 4218
25857 4219
71825 4220
140777 4221
347633 4222
3468 4223
5202 4224
5780 4225
13005 4226
14450 4227
21675 4228
8092 4229
18207 4230
50575 4231
28322 4232
42483 4233
70805 4234
12716 4235
28611 4236
79475 4237
155771 4238
69938 4239
104907 4240
174845 4241
244783 4242
15028 4243
33813 4244
93925 4245
184093 4246
454597 4247
97682 4248
146523 4249
244205 4250
341887 4251
537251 4252
684 4253
1900 4254
4275 4255
3724 4256
8379 4257
23275 4258
9196 4259
20691 4260
57475 4261
112651 4262
12844 4263
28899 4264
80275 4265
157339 4266
388531 4267
21964 4268
49419 4269
137275 4270
269059 4271
664411 4272
927979 4273
4332 4274
6498 4275
7220 4276
16245 4277
18050 4278
27075 4279
10108 4280
22743 4281
63175 4282
35378 4283
53067 4284
88445 4285
15884 4286
35739 4287
99275 4288
194579 4289
87362 4290
131043 4291
218405 4292
305767 4293
18772 4294
42237 4295
117325 4296
229957 4297
567853 4298
122018 4299
183027 4300
305045 4301
427063 4302
671099 4303
24548 4304
55233 4305
153425 4306
300713 4307
742577 4308
1037153 4309
208658 4310
312987 4311
521645 4312
730303 4313
1147619 4314
1356277 4315
828 4316
2300 4317
5175 4318
4508 4319
10143 4320
28175 4321
11132 4322
25047 4323
69575 4324
136367 4325
15548 4326
34983 4327
97175 4328
190463 4329
470327 4330
26588 4331
59823 4332
166175 4333
325703 4334
804287 4335
1123343 4336
33212 4337
74727 4338
207575 4339
406847 4340
1004663 4341
1403207 4342
2399567 4343
6348 4344
9522 4345
10580 4346
23805 4347
26450 4348
39675 4349
14812 4350
33327 4351
92575 4352
51842 4353
77763 4354
129605 4355
23276 4356
52371 4357
145475 4358
285131 4359
128018 4360
192027 4361
320045 4362
448063 4363
27508 4364
61893 4365
171925 4366
336973 4367
832117 4368
178802 4369
268203 4370
447005 4371
625807 4372
983411 4373
35972 4374
80937 4375
224825 4376
440657 4377
1088153 4378
1519817 4379
305762 4380
458643 4381
764405 4382
1070167 4383
1681691 4384
1987453 4385
40204 4386
90459 4387
251275 4388
492499 4389
1216171 4390
1698619 4391
2904739 4392
381938 4393
572907 4394
954845 4395
1336783 4396
2100659 4397
2482597 4398
3246473 4399
1044 4400
2900 4401
6525 4402
5684 4403
12789 4404
35525 4405
14036 4406
31581 4407
87725 4408
171941 4409
19604 4410
44109 4411
122525 4412
240149 4413
593021 4414
33524 4415
75429 4416
209525 4417
410669 4418
1014101 4419
1416389 4420
41876 4421
94221 4422
261725 4423
512981 4424
1266749 4425
1769261 4426
3025541 4427
61364 4428
138069 4429
383525 4430
751709 4431
1856261 4432
2592629 4433
4433549 4434
5538101 4435
10092 4436
15138 4437
16820 4438
37845 4439
42050 4440
63075 4441
23548 4442
52983 4443
147175 4444
82418 4445
123627 4446
206045 4447
37004 4448
83259 4449
231275 4450
453299 4451
203522 4452
305283 4453
508805 4454
712327 4455
43732 4456
98397 4457
273325 4458
535717 4459
1322893 4460
284258 4461
426387 4462
710645 4463
994903 4464
1563419 4465
57188 4466
128673 4467
357425 4468
700553 4469
1729937 4470
2416193 4471
486098 4472
729147 4473
1215245 4474
1701343 4475
2673539 4476
3159637 4477
63916 4478
143811 4479
399475 4480
782971 4481
1933459 4482
2700451 4483
4617931 4484
607202 4485
910803 4486
1518005 4487
2125207 4488
3339611 4489
3946813 4490
5161217 4491
77372 4492
174087 4493
483575 4494
947807 4495
2340503 4496
3268967 4497
5590127 4498
6982823 4499
889778 4500
1334667 4501
2224445 4502
3114223 4503
4893779 4504
5783557 4505
7563113 4506
8452891 4507
1116 4508
3100 4509
6975 4510
6076 4511
13671 4512
37975 4513
15004 4514
33759 4515
93775 4516
183799 4517
20956 4518
47151 4519
130975 4520
256711 4521
633919 4522
35836 4523
80631 4524
223975 4525
438991 4526
1084039 4527
1514071 4528
44764 4529
100719 4530
279775 4531
548359 4532
1354111 4533
1891279 4534
3234199 4535
65596 4536
147591 4537
409975 4538
803551 4539
1984279 4540
2771431 4541
4739311 4542
5920039 4543
104284 4544
234639 4545
651775 4546
1277479 4547
3154591 4548
4405999 4549
7534519 4550
9411631 4551
13791559 4552
11532 4553
17298 4554
19220 4555
43245 4556
48050 4557
72075 4558
26908 4559
60543 4560
168175 4561
94178 4562
141267 4563
235445 4564
42284 4565
95139 4566
264275 4567
517979 4568
232562 4569
348843 4570
581405 4571
813967 4572
49972 4573
112437 4574
312325 4575
612157 4576
1511653 4577
324818 4578
487227 4579
812045 4580
1136863 4581
1786499 4582
65348 4583
147033 4584
408425 4585
800513 4586
1976777 4587
2760953 4588
555458 4589
833187 4590
1388645 4591
1944103 4592
3055019 4593
3610477 4594
73036 4595
164331 4596
456475 4597
894691 4598
2209339 4599
3085771 4600
5276851 4601
693842 4602
1040763 4603
1734605 4604
2428447 4605
3816131 4606
4509973 4607
5897657 4608
88412 4609
198927 4610
552575 4611
1083047 4612
2674463 4613
3735407 4614
6387767 4615
7979183 4616
1016738 4617
1525107 4618
2541845 4619
3558583 4620
5592059 4621
6608797 4622
8642273 4623
9659011 4624
111476 4625
250821 4626
696725 4627
1365581 4628
3372149 4629
4709861 4630
8054141 4631
10060709 4632
14742701 4633
1616402 4634
2424603 4635
4041005 4636
5657407 4637
8890211 4638
10506613 4639
13739417 4640
15355819 4641
18588623 4642
1332 4643
3700 4644
8325 4645
7252 4646
16317 4647
45325 4648
17908 4649
40293 4650
111925 4651
219373 4652
25012 4653
56277 4654
156325 4655
306397 4656
756613 4657
42772 4658
96237 4659
267325 4660
523957 4661
1293853 4662
1807117 4663
53428 4664
120213 4665
333925 4666
654493 4667
1616197 4668
2257333 4669
3860173 4670
78292 4671
176157 4672
489325 4673
959077 4674
2368333 4675
3307837 4676
5656597 4677
7065853 4678
124468 4679
280053 4680
777925 4681
1524733 4682
3765157 4683
5258773 4684
8992813 4685
11233237 4686
16460893 4687
142228 4688
320013 4689
888925 4690
1742293 4691
4302397 4692
6009133 4693
10275973 4694
12836077 4695
18809653 4696
29903437 4697
16428 4698
24642 4699
27380 4700
61605 4701
68450 4702
102675 4703
38332 4704
86247 4705
239575 4706
134162 4707
201243 4708
335405 4709
60236 4710
135531 4711
376475 4712
737891 4713
331298 4714
496947 4715
828245 4716
1159543 4717
71188 4718
160173 4719
444925 4720
872053 4721
2153437 4722
462722 4723
694083 4724
1156805 4725
1619527 4726
2544971 4727
93092 4728
209457 4729
581825 4730
1140377 4731
2816033 4732
3933137 4733
791282 4734
1186923 4735
1978205 4736
2769487 4737
4352051 4738
5143333 4739
104044 4740
234099 4741
650275 4742
1274539 4743
3147331 4744
4395859 4745
7517179 4746
988418 4747
1482627 4748
2471045 4749
3459463 4750
5436299 4751
6424717 4752
8401553 4753
125948 4754
283383 4755
787175 4756
1542863 4757
3809927 4758
5321303 4759
9099743 4760
11366807 4761
1448402 4762
2172603 4763
3621005 4764
5069407 4765
7966211 4766
9414613 4767
12311417 4768
13759819 4769
158804 4770
357309 4771
992525 4772
1945349 4773
4803821 4774
6709469 4775
11473589 4776
14332061 4777
21001829 4778
2302658 4779
3453987 4780
5756645 4781
8059303 4782
12664619 4783
14967277 4784
19572593 4785
21875251 4786
26480567 4787
169756 4788
381951 4789
1060975 4790
2079511 4791
5135119 4792
7172191 4793
12264871 4794
15320479 4795
22450231 4796
35691199 4797
2631218 4798
3946827 4799
6578045 4800
9209263 4801
14471699 4802
17102917 4803
22365353 4804
24996571 4805
30259007 4806
38152661 4807
1476 4808
4100 4809
9225 4810
8036 4811
18081 4812
50225 4813
19844 4814
44649 4815
124025 4816
243089 4817
27716 4818
62361 4819
173225 4820
339521 4821
838409 4822
47396 4823
106641 4824
296225 4825
580601 4826
1433729 4827
2002481 4828
59204 4829
133209 4830
370025 4831
725249 4832
1790921 4833
2501369 4834
4277489 4835
86756 4836
195201 4837
542225 4838
1062761 4839
2624369 4840
3665441 4841
6268121 4842
7829729 4843
137924 4844
310329 4845
862025 4846
1689569 4847
4172201 4848
5827289 4849
9965009 4850
12447641 4851
18240449 4852
157604 4853
354609 4854
985025 4855
1930649 4856
4767521 4857
6658769 4858
11386889 4859
14223761 4860
20843129 4861
33136241 4862
224516 4863
505161 4864
1403225 4865
2750321 4866
6791609 4867
9485801 4868
16221281 4869
20262569 4870
29692241 4871
47204489 4872
53939969 4873
20172 4874
30258 4875
33620 4876
75645 4877
84050 4878
126075 4879
47068 4880
105903 4881
294175 4882
164738 4883
247107 4884
411845 4885
73964 4886
166419 4887
462275 4888
906059 4889
406802 4890
610203 4891
1017005 4892
1423807 4893
87412 4894
196677 4895
546325 4896
1070797 4897
2644213 4898
568178 4899
852267 4900
1420445 4901
1988623 4902
3124979 4903
114308 4904
257193 4905
714425 4906
1400273 4907
3457817 4908
4829513 4909
971618 4910
1457427 4911
2429045 4912
3400663 4913
5343899 4914
6315517 4915
127756 4916
287451 4917
798475 4918
1565011 4919
3864619 4920
5397691 4921
9230371 4922
1213682 4923
1820523 4924
3034205 4925
4247887 4926
6675251 4927
7888933 4928
10316297 4929
154652 4930
347967 4931
966575 4932
1894487 4933
4678223 4934
6534047 4935
11173607 4936
13957343 4937
1778498 4938
2667747 4939
4446245 4940
6224743 4941
9781739 4942
11560237 4943
15117233 4944
16895731 4945
194996 4946
438741 4947
1218725 4948
2388701 4949
5898629 4950
8238581 4951
14088461 4952
17598389 4953
25788221 4954
2827442 4955
4241163 4956
7068605 4957
9896047 4958
15550931 4959
18378373 4960
24033257 4961
26860699 4962
32515583 4963
208444 4964
468999 4965
1302775 4966
2553439 4967
6305431 4968
8806759 4969
15060079 4970
18812071 4971
27566719 4972
43825351 4973
3230882 4974
4846323 4975
8077205 4976
11308087 4977
17769851 4978
21000733 4979
27462497 4980
30693379 4981
37155143 4982
46847789 4983
248788 4984
559773 4985
1554925 4986
3047653 4987
7525837 4988
10511293 4989
17974933 4990
22453117 4991
32902213 4992
52307677 4993
59771317 4994
4602578 4995
6903867 4996
11506445 4997
16109023 4998
25314179 4999
29916757 5000
39121913 5001
43724491 5002
52929647 5003
66737381 5004
71339959 5005
120 5006
270 5007
750 5008
168 5009
378 5010
280 5011
945 5012
1750 5013
2625 5014
2058 5015
3430 5016
5145 5017
264 5018
594 5019
440 5020
1485 5021
2750 5022
4125 5023
616 5024
2079 5025
9625 5026
7546 5027
11319 5028
18865 5029
7986 5030
13310 5031
19965 5032
18634 5033
27951 5034
46585 5035
312 5036
702 5037
520 5038
1755 5039
3250 5040
4875 5041
728 5042
2457 5043
11375 5044
8918 5045
13377 5046
22295 5047
1144 5048
3861 5049
17875 5050
49049 5051
34606 5052
51909 5053
86515 5054
121121 5055
13182 5056
21970 5057
32955 5058
30758 5059
46137 5060
76895 5061
48334 5062
72501 5063
120835 5064
169169 5065
408 5066
918 5067
680 5068
2295 5069
4250 5070
6375 5071
952 5072
3213 5073
14875 5074
11662 5075
17493 5076
29155 5077
1496 5078
5049 5079
23375 5080
64141 5081
45254 5082
67881 5083
113135 5084
158389 5085
1768 5086
5967 5087
27625 5088
75803 5089
294151 5090
74698 5091
112047 5092
186745 5093
261443 5094
410839 5095
29478 5096
49130 5097
73695 5098
68782 5099
103173 5100
171955 5101
108086 5102
162129 5103
270215 5104
378301 5105
127738 5106
191607 5107
319345 5108
447083 5109
702559 5110
456 5111
1026 5112
760 5113
2565 5114
4750 5115
7125 5116
1064 5117
3591 5118
16625 5119
13034 5120
19551 5121
32585 5122
1672 5123
5643 5124
26125 5125
71687 5126
50578 5127
75867 5128
126445 5129
177023 5130
1976 5131
6669 5132
30875 5133
84721 5134
328757 5135
83486 5136
125229 5137
208715 5138
292201 5139
459173 5140
2584 5141
8721 5142
40375 5143
110789 5144
429913 5145
709631 5146
186694 5147
280041 5148
466735 5149
653429 5150
1026817 5151
1213511 5152
41154 5153
68590 5154
102885 5155
96026 5156
144039 5157
240065 5158
150898 5159
226347 5160
377245 5161
528143 5162
178334 5163
267501 5164
445835 5165
624169 5166
980837 5167
233206 5168
349809 5169
583015 5170
816221 5171
1282633 5172
1515839 5173
552 5174
1242 5175
920 5176
3105 5177
5750 5178
8625 5179
1288 5180
4347 5181
20125 5182
15778 5183
23667 5184
39445 5185
2024 5186
6831 5187
31625 5188
86779 5189
61226 5190
91839 5191
153065 5192
214291 5193
2392 5194
8073 5195
37375 5196
102557 5197
397969 5198
101062 5199
151593 5200
252655 5201
353717 5202
555841 5203
3128 5204
10557 5205
48875 5206
134113 5207
520421 5208
859027 5209
225998 5210
338997 5211
564995 5212
790993 5213
1242989 5214
1468987 5215
3496 5216
11799 5217
54625 5218
149891 5219
581647 5220
960089 5221
2146981 5222
315514 5223
473271 5224
788785 5225
1104299 5226
1735327 5227
2050841 5228
2681869 5229
73002 5230
121670 5231
182505 5232
170338 5233
255507 5234
425845 5235
267674 5236
401511 5237
669185 5238
936859 5239
316342 5240
474513 5241
790855 5242
1107197 5243
1739881 5244
413678 5245
620517 5246
1034195 5247
1447873 5248
2275229 5249
2688907 5250
462346 5251
693519 5252
1155865 5253
1618211 5254
2542903 5255
3005249 5256
3929941 5257
696 5258
1566 5259
1160 5260
3915 5261
7250 5262
10875 5263
1624 5264
5481 5265
25375 5266
19894 5267
29841 5268
49735 5269
2552 5270
8613 5271
39875 5272
109417 5273
77198 5274
115797 5275
192995 5276
270193 5277
3016 5278
10179 5279
47125 5280
129311 5281
501787 5282
127426 5283
191139 5284
318565 5285
445991 5286
700843 5287
3944 5288
13311 5289
61625 5290
169099 5291
656183 5292
1083121 5293
284954 5294
427431 5295
712385 5296
997339 5297
1567247 5298
1852201 5299
4408 5300
14877 5301
68875 5302
188993 5303
733381 5304
1210547 5305
2707063 5306
397822 5307
596733 5308
994555 5309
1392377 5310
2188021 5311
2585843 5312
3381487 5313
5336 5314
18009 5315
83375 5316
228781 5317
887777 5318
1465399 5319
3276971 5320
4574953 5321
705686 5322
1058529 5323
1764215 5324
2469901 5325
3881273 5326
4586959 5327
5998331 5328
6704017 5329
146334 5330
243890 5331
365835 5332
341446 5333
512169 5334
853615 5335
536558 5336
804837 5337
1341395 5338
1877953 5339
634114 5340
951171 5341
1585285 5342
2219399 5343
3487627 5344
829226 5345
1243839 5346
2073065 5347
2902291 5348
4560743 5349
5389969 5350
926782 5351
1390173 5352
2316955 5353
3243737 5354
5097301 5355
6024083 5356
7877647 5357
1121894 5358
1682841 5359
2804735 5360
3926629 5361
6170417 5362
7292311 5363
9536099 5364
10657993 5365
744 5366
1674 5367
1240 5368
4185 5369
7750 5370
11625 5371
1736 5372
5859 5373
27125 5374
21266 5375
31899 5376
53165 5377
2728 5378
9207 5379
42625 5380
116963 5381
82522 5382
123783 5383
206305 5384
288827 5385
3224 5386
10881 5387
50375 5388
138229 5389
536393 5390
136214 5391
204321 5392
340535 5393
476749 5394
749177 5395
4216 5396
14229 5397
65875 5398
180761 5399
701437 5400
1157819 5401
304606 5402
456909 5403
761515 5404
1066121 5405
1675333 5406
1979939 5407
4712 5408
15903 5409
73625 5410
202027 5411
783959 5412
1294033 5413
2893757 5414
425258 5415
637887 5416
1063145 5417
1488403 5418
2338919 5419
2764177 5420
3614693 5421
5704 5422
19251 5423
89125 5424
244559 5425
949003 5426
1566461 5427
3502969 5428
4890467 5429
754354 5430
1131531 5431
1885885 5432
2640239 5433
4148947 5434
4903301 5435
6412009 5436
7166363 5437
7192 5438
24273 5439
112375 5440
308357 5441
1196569 5442
1975103 5443
4416787 5444
6166241 5445
10938133 5446
1512118 5447
2268177 5448
3780295 5449
5292413 5450
8316649 5451
9828767 5452
12853003 5453
14365121 5454
17389357 5455
178746 5456
297910 5457
446865 5458
417074 5459
625611 5460
1042685 5461
655402 5462
983103 5463
1638505 5464
2293907 5465
774566 5466
1161849 5467
1936415 5468
2710981 5469
4260113 5470
1012894 5471
1519341 5472
2532235 5473
3545129 5474
5570917 5475
6583811 5476
1132058 5477
1698087 5478
2830145 5479
3962203 5480
6226319 5481
7358377 5482
9622493 5483
1370386 5484
2055579 5485
3425965 5486
4796351 5487
7537123 5488
8907509 5489
11648281 5490
13018667 5491
1727878 5492
2591817 5493
4319695 5494
6047573 5495
9503329 5496
11231207 5497
14686963 5498
16414841 5499
19870597 5500
888 5501
1998 5502
1480 5503
4995 5504
9250 5505
13875 5506
2072 5507
6993 5508
32375 5509
25382 5510
38073 5511
63455 5512
3256 5513
10989 5514
50875 5515
139601 5516
98494 5517
147741 5518
246235 5519
344729 5520
3848 5521
12987 5522
60125 5523
164983 5524
640211 5525
162578 5526
243867 5527
406445 5528
569023 5529
894179 5530
5032 5531
16983 5532
78625 5533
215747 5534
837199 5535
1381913 5536
363562 5537
545343 5538
908905 5539
1272467 5540
1999591 5541
2363153 5542
5624 5543
18981 5544
87875 5545
241129 5546
935693 5547
1544491 5548
3453839 5549
507566 5550
761349 5551
1268915 5552
1776481 5553
2791613 5554
3299179 5555
4314311 5556
6808 5557
22977 5558
106375 5559
291893 5560
1132681 5561
1869647 5562
4180963 5563
5837009 5564
900358 5565
1350537 5566
2250895 5567
3151253 5568
4951969 5569
5852327 5570
7653043 5571
8553401 5572
8584 5573
28971 5574
134125 5575
368039 5576
1428163 5577
2357381 5578
5271649 5579
7359707 5580
13055191 5581
1804786 5582
2707179 5583
4511965 5584
6316751 5585
9926323 5586
11731109 5587
15340681 5588
17145467 5589
20755039 5590
9176 5591
30969 5592
143375 5593
393421 5594
1526657 5595
2519959 5596
5635211 5597
7867273 5598
13955549 5599
27974183 5600
2204534 5601
3306801 5602
5511335 5603
7715869 5604
12124937 5605
14329471 5606
18738539 5607
20943073 5608
25352141 5609
31965743 5610
303918 5611
506530 5612
759795 5613
709142 5614
1063713 5615
1772855 5616
1114366 5617
1671549 5618
2785915 5619
3900281 5620
1316978 5621
1975467 5622
3292445 5623
4609423 5624
7243379 5625
1722202 5626
2583303 5627
4305505 5628
6027707 5629
9472111 5630
11194313 5631
1924814 5632
2887221 5633
4812035 5634
6736849 5635
10586477 5636
12511291 5637
16360919 5638
2330038 5639
3495057 5640
5825095 5641
8155133 5642
12815209 5643
15145247 5644
19805323 5645
22135361 5646
2937874 5647
4406811 5648
7344685 5649
10282559 5650
16158307 5651
19096181 5652
24971929 5653
27909803 5654
33785551 5655
3140486 5656
4710729 5657
7851215 5658
10991701 5659
17272673 5660
20413159 5661
26694131 5662
29834617 5663
36115589 5664
45537047 5665
984 5666
2214 5667
1640 5668
5535 5669
10250 5670
15375 5671
2296 5672
7749 5673
35875 5674
28126 5675
42189 5676
70315 5677
3608 5678
12177 5679
56375 5680
154693 5681
109142 5682
163713 5683
272855 5684
381997 5685
4264 5686
14391 5687
66625 5688
182819 5689
709423 5690
180154 5691
270231 5692
450385 5693
630539 5694
990847 5695
5576 5696
18819 5697
87125 5698
239071 5699
927707 5700
1531309 5701
402866 5702
604299 5703
1007165 5704
1410031 5705
2215763 5706
2618629 5707
6232 5708
21033 5709
97375 5710
267197 5711
1036849 5712
1711463 5713
3827227 5714
562438 5715
843657 5716
1406095 5717
1968533 5718
3093409 5719
3655847 5720
4780723 5721
7544 5722
25461 5723
117875 5724
323449 5725
1255133 5726
2071771 5727
4632959 5728
6468037 5729
997694 5730
1496541 5731
2494235 5732
3491929 5733
5487317 5734
6485011 5735
8480399 5736
9478093 5737
9512 5738
32103 5739
148625 5740
407827 5741
1582559 5742
2612233 5743
5841557 5744
8155351 5745
14466563 5746
1999898 5747
2999847 5748
4999745 5749
6999643 5750
10999439 5751
12999337 5752
16999133 5753
18999031 5754
22998827 5755
10168 5756
34317 5757
158875 5758
435953 5759
1691701 5760
2792387 5761
6244423 5762
8717789 5763
15464257 5764
30998419 5765
2442862 5766
3664293 5767
6107155 5768
8550017 5769
13435741 5770
15878603 5771
20764327 5772
23207189 5773
28092913 5774
35421499 5775
12136 5776
40959 5777
189625 5778
520331 5779
2019127 5780
3332849 5781
7453021 5782
10405103 5783
18457339 5784
36998113 5785
45192947 5786
4153546 5787
6230319 5788
10383865 5789
14537411 5790
22844503 5791
26998049 5792
35305141 5793
39458687 5794
47765779 5795
60226417 5796
64379963 5797
413526 5798
689210 5799
1033815 5800
964894 5801
1447341 5802
2412235 5803
1516262 5804
2274393 5805
3790655 5806
5306917 5807
1791946 5808
2687919 5809
4479865 5810
6271811 5811
9855703 5812
2343314 5813
3514971 5814
5858285 5815
8201599 5816
12888227 5817
15231541 5818
2618998 5819
3928497 5820
6547495 5821
9166493 5822
14404489 5823
17023487 5824
22261483 5825
3170366 5826
4755549 5827
7925915 5828
11096281 5829
17437013 5830
20607379 5831
26948111 5832
30118477 5833
3997418 5834
5996127 5835
9993545 5836
13990963 5837
21985799 5838
25983217 5839
33978053 5840
37975471 5841
45970307 5842
4273102 5843
6409653 5844
10682755 5845
14955857 5846
23502061 5847
27775163 5848
36321367 5849
40594469 5850
49140673 5851
61959979 5852
5100154 5853
7650231 5854
12750385 5855
17850539 5856
28050847 5857
33151001 5858
43351309 5859
48451463 5860
58651771 5861
73952233 5862
79052387 5863
72 5864
108 5865
200 5866
675 5867
500 5868
1125 5869
392 5870
1323 5871
6125 5872
1372 5873
3087 5874
8575 5875
968 5876
3267 5877
15125 5878
41503 5879
5324 5880
11979 5881
33275 5882
65219 5883
1352 5884
4563 5885
21125 5886
57967 5887
224939 5888
8788 5889
19773 5890
54925 5891
107653 5892
265837 5893
2312 5894
7803 5895
36125 5896
99127 5897
384659 5898
634933 5899
19652 5900
44217 5901
122825 5902
240737 5903
594473 5904
830297 5905
2888 5906
9747 5907
45125 5908
123823 5909
480491 5910
793117 5911
1773593 5912
27436 5913
61731 5914
171475 5915
336091 5916
829939 5917
1159171 5918
1982251 5919
4232 5920
14283 5921
66125 5922
181447 5923
704099 5924
1162213 5925
2598977 5926
3628411 5927
48668 5928
109503 5929
304175 5930
596183 5931
1472207 5932
2056223 5933
3516263 5934
4392287 5935
6728 5936
22707 5937
105125 5938
288463 5939
1119371 5940
1847677 5941
4131833 5942
5768419 5943
10232447 5944
97556 5945
219501 5946
609725 5947
1195061 5948
2951069 5949
4121741 5950
7048421 5951
8804429 5952
12901781 5953
7688 5954
25947 5955
120125 5956
329623 5957
1279091 5958
2111317 5959
4721393 5960
6591499 5961
11692487 5962
23437829 5963
119164 5964
268119 5965
744775 5966
1459759 5967
3604711 5968
5034679 5969
8609599 5970
10754551 5971
15759439 5972
25054231 5973
10952 5974
36963 5975
171125 5976
469567 5977
1822139 5978
3007693 5979
6725897 5980
9389971 5981
16656623 5982
33388541 5983
40783879 5984
202612 5985
455877 5986
1266325 5987
2481997 5988
6129013 5989
8560357 5990
14638717 5991
18285733 5992
26795437 5993
42599173 5994
48677533 5995
13448 5996
45387 5997
210125 5998
576583 5999
2237411 6000
3693157 6001
8258753 6002
11529979 6003
20452727 6004
40997909 6005
50078671 6006
85147693 6007
275684 6008
620289 6009
1723025 6010
3377129 6011
8339441 6012
11647649 6013
19918169 6014
24880481 6015
36459209 6016
57962561 6017
66233081 6018
94352849 6019
48 6020
162 6021
80 6022
405 6023
1250 6024
1875 6025
112 6026
567 6027
4375 6028
4802 6029
7203 6030
12005 6031
176 6032
891 6033
6875 6034
26411 6035
29282 6036
43923 6037
73205 6038
102487 6039
208 6040
1053 6041
8125 6042
31213 6043
190333 6044
57122 6045
85683 6046
142805 6047
199927 6048
314171 6049
272 6050
1377 6051
10625 6052
40817 6053
248897 6054
485537 6055
167042 6056
250563 6057
417605 6058
584647 6059
918731 6060
1085773 6061
304 6062
1539 6063
11875 6064
45619 6065
278179 6066
542659 6067
1586899 6068
260642 6069
390963 6070
651605 6071
912247 6072
1433531 6073
1694173 6074
2215457 6075
368 6076
1863 6077
14375 6078
55223 6079
336743 6080
656903 6081
1920983 6082
2997383 6083
559682 6084
839523 6085
1399205 6086
1958887 6087
3078251 6088
3637933 6089
4757297 6090
5316979 6091
464 6092
2349 6093
18125 6094
69629 6095
424589 6096
828269 6097
2422109 6098
3779309 6099
8115389 6100
1414562 6101
2121843 6102
3536405 6103
4950967 6104
7780091 6105
9194653 6106
12023777 6107
13438339 6108
16267463 6109
496 6110
2511 6111
19375 6112
74431 6113
453871 6114
885391 6115
2589151 6116
4039951 6117
8675071 6118
21925711 6119
1847042 6120
2770563 6121
4617605 6122
6464647 6123
10158731 6124
12005773 6125
15699857 6126
17546899 6127
21240983 6128
26782109 6129
592 6130
2997 6131
23125 6132
88837 6133
541717 6134
1056757 6135
3090277 6136
4821877 6137
10354117 6138
26169397 6139
34170277 6140
3748322 6141
5622483 6142
9370805 6143
13119127 6144
20615771 6145
24364093 6146
31860737 6147
35609059 6148
43105703 6149
54350669 6150
58098991 6151
656 6152
3321 6153
25625 6154
98441 6155
600281 6156
1171001 6157
3424361 6158
5343161 6159
11473481 6160
28998521 6161
37864361 6162
76840601 6163
5651522 6164
8477283 6165
14128805 6166
19780327 6167
31083371 6168
36734893 6169
48037937 6170
53689459 6171
64992503 6172
81947069 6173
87598591 6174
104553157 6175
