2310 1
2730 2
4290 3
6006 4
10010 5
15015 6
3570 7
5610 8
7854 9
13090 10
19635 11
6630 12
9282 13
15470 14
23205 15
14586 16
24310 17
36465 18
34034 19
51051 20
85085 21
3990 22
6270 23
8778 24
14630 25
21945 26
7410 27
10374 28
17290 29
25935 30
16302 31
27170 32
40755 33
38038 34
57057 35
95095 36
9690 37
13566 38
22610 39
33915 40
21318 41
35530 42
53295 43
49742 44
74613 45
124355 46
25194 47
41990 48
62985 49
58786 50
88179 51
146965 52
92378 53
138567 54
230945 55
323323 56
4830 57
7590 58
10626 59
17710 60
26565 61
8970 62
12558 63
20930 64
31395 65
19734 66
32890 67
49335 68
46046 69
69069 70
115115 71
11730 72
16422 73
27370 74
41055 75
25806 76
43010 77
64515 78
60214 79
90321 80
150535 81
30498 82
50830 83
76245 84
71162 85
106743 86
177905 87
111826 88
167739 89
279565 90
391391 91
13110 92
18354 93
30590 94
45885 95
28842 96
48070 97
72105 98
67298 99
100947 100
168245 101
34086 102
56810 103
85215 104
79534 105
119301 106
198835 107
124982 108
187473 109
312455 110
437437 111
44574 112
74290 113
111435 114
104006 115
156009 116
260015 117
163438 118
245157 119
408595 120
572033 121
193154 122
289731 123
482885 124
676039 125
1062347 126
6090 127
9570 128
13398 129
22330 130
33495 131
11310 132
15834 133
26390 134
39585 135
24882 136
41470 137
62205 138
58058 139
87087 140
145145 141
14790 142
20706 143
34510 144
51765 145
32538 146
54230 147
81345 148
75922 149
113883 150
189805 151
38454 152
64090 153
96135 154
89726 155
134589 156
224315 157
140998 158
211497 159
352495 160
493493 161
16530 162
23142 163
38570 164
57855 165
36366 166
60610 167
90915 168
84854 169
127281 170
212135 171
42978 172
71630 173
107445 174
100282 175
150423 176
250705 177
157586 178
236379 179
393965 180
551551 181
56202 182
93670 183
140505 184
131138 185
196707 186
327845 187
206074 188
309111 189
515185 190
721259 191
243542 192
365313 193
608855 194
852397 195
1339481 196
20010 197
28014 198
46690 199
70035 200
44022 201
73370 202
110055 203
102718 204
154077 205
256795 206
52026 207
86710 208
130065 209
121394 210
182091 211
303485 212
190762 213
286143 214
476905 215
667667 216
68034 217
113390 218
170085 219
158746 220
238119 221
396865 222
249458 223
374187 224
623645 225
873103 226
294814 227
442221 228
737035 229
1031849 230
1621477 231
76038 232
126730 233
190095 234
177422 235
266133 236
443555 237
278806 238
418209 239
697015 240
975821 241
329498 242
494247 243
823745 244
1153243 245
1812239 246
430882 247
646323 248
1077205 249
1508087 250
2369851 251
2800733 252
6510 253
10230 254
14322 255
23870 256
35805 257
12090 258
16926 259
28210 260
42315 261
26598 262
44330 263
66495 264
62062 265
93093 266
155155 267
15810 268
22134 269
36890 270
55335 271
34782 272
57970 273
86955 274
81158 275
121737 276
202895 277
41106 278
68510 279
102765 280
95914 281
143871 282
239785 283
150722 284
226083 285
376805 286
527527 287
17670 288
24738 289
41230 290
61845 291
38874 292
64790 293
97185 294
90706 295
136059 296
226765 297
45942 298
76570 299
114855 300
107198 301
160797 302
267995 303
168454 304
252681 305
421135 306
589589 307
60078 308
100130 309
150195 310
140182 311
210273 312
350455 313
220286 314
330429 315
550715 316
771001 317
260338 318
390507 319
650845 320
911183 321
1431859 322
21390 323
29946 324
49910 325
74865 326
47058 327
78430 328
117645 329
109802 330
164703 331
274505 332
55614 333
92690 334
139035 335
129766 336
194649 337
324415 338
203918 339
305877 340
509795 341
713713 342
72726 343
121210 344
181815 345
169694 346
254541 347
424235 348
266662 349
399993 350
666655 351
933317 352
315146 353
472719 354
787865 355
1103011 356
1733303 357
81282 358
135470 359
203205 360
189658 361
284487 362
474145 363
298034 364
447051 365
745085 366
1043119 367
352222 368
528333 369
880555 370
1232777 371
1937221 372
460598 373
690897 374
1151495 375
1612093 376
2533289 377
2993887 378
26970 379
37758 380
62930 381
94395 382
59334 383
98890 384
148335 385
138446 386
207669 387
346115 388
70122 389
116870 390
175305 391
163618 392
245427 393
409045 394
257114 395
385671 396
642785 397
899899 398
91698 399
152830 400
229245 401
213962 402
320943 403
534905 404
336226 405
504339 406
840565 407
1176791 408
397358 409
596037 410
993395 411
1390753 412
2185469 413
102486 414
170810 415
256215 416
239134 417
358701 418
597835 419
375782 420
563673 421
939455 422
1315237 423
444106 424
666159 425
1110265 426
1554371 427
2442583 428
580754 429
871131 430
1451885 431
2032639 432
3194147 433
3774901 434
124062 435
206770 436
310155 437
289478 438
434217 439
723695 440
454894 441
682341 442
1137235 443
1592129 444
537602 445
806403 446
1344005 447
1881607 448
2956811 449
703018 450
1054527 451
1757545 452
2460563 453
3866599 454
4569617 455
785726 456
1178589 457
1964315 458
2750041 459
4321493 460
5107219 461
6678671 462
7770 463
12210 464
17094 465
28490 466
42735 467
14430 468
20202 469
33670 470
50505 471
31746 472
52910 473
79365 474
74074 475
111111 476
185185 477
18870 478
26418 479
44030 480
66045 481
41514 482
69190 483
103785 484
96866 485
145299 486
242165 487
49062 488
81770 489
122655 490
114478 491
171717 492
286195 493
179894 494
269841 495
449735 496
629629 497
21090 498
29526 499
49210 500
73815 501
46398 502
77330 503
115995 504
108262 505
162393 506
270655 507
54834 508
91390 509
137085 510
127946 511
191919 512
319865 513
201058 514
301587 515
502645 516
703703 517
71706 518
119510 519
179265 520
167314 521
250971 522
418285 523
262922 524
394383 525
657305 526
920227 527
310726 528
466089 529
776815 530
1087541 531
1708993 532
25530 533
35742 534
59570 535
89355 536
56166 537
93610 538
140415 539
131054 540
196581 541
327635 542
66378 543
110630 544
165945 545
154882 546
232323 547
387205 548
243386 549
365079 550
608465 551
851851 552
86802 553
144670 554
217005 555
202538 556
303807 557
506345 558
318274 559
477411 560
795685 561
1113959 562
376142 563
564213 564
940355 565
1316497 566
2068781 567
97014 568
161690 569
242535 570
226366 571
339549 572
565915 573
355718 574
533577 575
889295 576
1245013 577
420394 578
630591 579
1050985 580
1471379 581
2312167 582
549746 583
824619 584
1374365 585
1924111 586
3023603 587
3573349 588
32190 589
45066 590
75110 591
112665 592
70818 593
118030 594
177045 595
165242 596
247863 597
413105 598
83694 599
139490 600
209235 601
195286 602
292929 603
488215 604
306878 605
460317 606
767195 607
1074073 608
109446 609
182410 610
273615 611
255374 612
383061 613
638435 614
401302 615
601953 616
1003255 617
1404557 618
474266 619
711399 620
1185665 621
1659931 622
2608463 623
122322 624
203870 625
305805 626
285418 627
428127 628
713545 629
448514 630
672771 631
1121285 632
1569799 633
530062 634
795093 635
1325155 636
1855217 637
2915341 638
693158 639
1039737 640
1732895 641
2426053 642
3812369 643
4505527 644
148074 645
246790 646
370185 647
345506 648
518259 649
863765 650
542938 651
814407 652
1357345 653
1900283 654
641654 655
962481 656
1604135 657
2245789 658
3529097 659
839086 660
1258629 661
2097715 662
2936801 663
4614973 664
5454059 665
937802 666
1406703 667
2344505 668
3282307 669
5157911 670
6095713 671
7971317 672
34410 673
48174 674
80290 675
120435 676
75702 677
126170 678
189255 679
176638 680
264957 681
441595 682
89466 683
149110 684
223665 685
208754 686
313131 687
521885 688
328042 689
492063 690
820105 691
1148147 692
116994 693
194990 694
292485 695
272986 696
409479 697
682465 698
428978 699
643467 700
1072445 701
1501423 702
506974 703
760461 704
1267435 705
1774409 706
2788357 707
130758 708
217930 709
326895 710
305102 711
457653 712
762755 713
479446 714
719169 715
1198615 716
1678061 717
566618 718
849927 719
1416545 720
1983163 721
3116399 722
740962 723
1111443 724
1852405 725
2593367 726
4075291 727
4816253 728
158286 729
263810 730
395715 731
369334 732
554001 733
923335 734
580382 735
870573 736
1450955 737
2031337 738
685906 739
1028859 740
1714765 741
2400671 742
3772483 743
896954 744
1345431 745
2242385 746
3139339 747
4933247 748
5830201 749
1002478 750
1503717 751
2506195 752
3508673 753
5513629 754
6516107 755
8521063 756
199578 757
332630 758
498945 759
465682 760
698523 761
1164205 762
731786 763
1097679 764
1829465 765
2561251 766
864838 767
1297257 768
2162095 769
3026933 770
4756609 771
1130942 772
1696413 773
2827355 774
3958297 775
6220181 776
7351123 777
1263994 778
1895991 779
3159985 780
4423979 781
6951967 782
8215961 783
10743949 784
1530098 785
2295147 786
3825245 787
5355343 788
8415539 789
9945637 790
13005833 791
14535931 792
8610 793
13530 794
18942 795
31570 796
47355 797
15990 798
22386 799
37310 800
55965 801
35178 802
58630 803
87945 804
82082 805
123123 806
205205 807
20910 808
29274 809
48790 810
73185 811
46002 812
76670 813
115005 814
107338 815
161007 816
268345 817
54366 818
90610 819
135915 820
126854 821
190281 822
317135 823
199342 824
299013 825
498355 826
697697 827
23370 828
32718 829
54530 830
81795 831
51414 832
85690 833
128535 834
119966 835
179949 836
299915 837
60762 838
101270 839
151905 840
141778 841
212667 842
354445 843
222794 844
334191 845
556985 846
779779 847
79458 848
132430 849
198645 850
185402 851
278103 852
463505 853
291346 854
437019 855
728365 856
1019711 857
344318 858
516477 859
860795 860
1205113 861
1893749 862
28290 863
39606 864
66010 865
99015 866
62238 867
103730 868
155595 869
145222 870
217833 871
363055 872
73554 873
122590 874
183885 875
171626 876
257439 877
429065 878
269698 879
404547 880
674245 881
943943 882
96186 883
160310 884
240465 885
224434 886
336651 887
561085 888
352682 889
529023 890
881705 891
1234387 892
416806 893
625209 894
1042015 895
1458821 896
2292433 897
107502 898
179170 899
268755 900
250838 901
376257 902
627095 903
394174 904
591261 905
985435 906
1379609 907
465842 908
698763 909
1164605 910
1630447 911
2562131 912
609178 913
913767 914
1522945 915
2132123 916
3350479 917
3959657 918
35670 919
49938 920
83230 921
124845 922
78474 923
130790 924
196185 925
183106 926
274659 927
457765 928
92742 929
154570 930
231855 931
216398 932
324597 933
540995 934
340054 935
510081 936
850135 937
1190189 938
121278 939
202130 940
303195 941
282982 942
424473 943
707455 944
444686 945
667029 946
1111715 947
1556401 948
525538 949
788307 950
1313845 951
1839383 952
2890459 953
135546 954
225910 955
338865 956
316274 957
474411 958
790685 959
497002 960
745503 961
1242505 962
1739507 963
587366 964
881049 965
1468415 966
2055781 967
3230513 968
768094 969
1152141 970
1920235 971
2688329 972
4224517 973
4992611 974
164082 975
273470 976
410205 977
382858 978
574287 979
957145 980
601634 981
902451 982
1504085 983
2105719 984
711022 985
1066533 986
1777555 987
2488577 988
3910621 989
929798 990
1394697 991
2324495 992
3254293 993
5113889 994
6043687 995
1039186 996
1558779 997
2597965 998
3637151 999
5715523 1000
6754709 1001
8833081 1002
38130 1003
53382 1004
88970 1005
133455 1006
83886 1007
139810 1008
209715 1009
195734 1010
293601 1011
489335 1012
99138 1013
165230 1014
247845 1015
231322 1016
346983 1017
578305 1018
363506 1019
545259 1020
908765 1021
1272271 1022
129642 1023
216070 1024
324105 1025
302498 1026
453747 1027
756245 1028
475354 1029
713031 1030
1188385 1031
1663739 1032
561782 1033
842673 1034
1404455 1035
1966237 1036
3089801 1037
144894 1038
241490 1039
362235 1040
338086 1041
507129 1042
845215 1043
531278 1044
796917 1045
1328195 1046
1859473 1047
627874 1048
941811 1049
1569685 1050
2197559 1051
3453307 1052
821066 1053
1231599 1054
2052665 1055
2873731 1056
4515863 1057
5336929 1058
175398 1059
292330 1060
438495 1061
409262 1062
613893 1063
1023155 1064
643126 1065
964689 1066
1607815 1067
2250941 1068
760058 1069
1140087 1070
1900145 1071
2660203 1072
4180319 1073
993922 1074
1490883 1075
2484805 1076
3478727 1077
5466571 1078
6460493 1079
1110854 1080
1666281 1081
2777135 1082
3887989 1083
6109697 1084
7220551 1085
9442259 1086
221154 1087
368590 1088
552885 1089
516026 1090
774039 1091
1290065 1092
810898 1093
1216347 1094
2027245 1095
2838143 1096
958334 1097
1437501 1098
2395835 1099
3354169 1100
5270837 1101
1253206 1102
1879809 1103
3133015 1104
4386221 1105
6892633 1106
8145839 1107
1400642 1108
2100963 1109
3501605 1110
4902247 1111
7703531 1112
9104173 1113
11905457 1114
1695514 1115
2543271 1116
4238785 1117
5934299 1118
9325327 1119
11020841 1120
14411869 1121
16107383 1122
45510 1123
63714 1124
106190 1125
159285 1126
100122 1127
166870 1128
250305 1129
233618 1130
350427 1131
584045 1132
118326 1133
197210 1134
295815 1135
276094 1136
414141 1137
690235 1138
433862 1139
650793 1140
1084655 1141
1518517 1142
154734 1143
257890 1144
386835 1145
361046 1146
541569 1147
902615 1148
567358 1149
851037 1150
1418395 1151
1985753 1152
670514 1153
1005771 1154
1676285 1155
2346799 1156
3687827 1157
172938 1158
288230 1159
432345 1160
403522 1161
605283 1162
1008805 1163
634106 1164
951159 1165
1585265 1166
2219371 1167
749398 1168
1124097 1169
1873495 1170
2622893 1171
4121689 1172
979982 1173
1469973 1174
2449955 1175
3429937 1176
5389901 1177
6369883 1178
209346 1179
348910 1180
523365 1181
488474 1182
732711 1183
1221185 1184
767602 1185
1151403 1186
1919005 1187
2686607 1188
907166 1189
1360749 1190
2267915 1191
3175081 1192
4989413 1193
1186294 1194
1779441 1195
2965735 1196
4152029 1197
6524617 1198
7710911 1199
1325858 1200
1988787 1201
3314645 1202
4640503 1203
7292219 1204
8618077 1205
11269793 1206
263958 1207
439930 1208
659895 1209
615902 1210
923853 1211
1539755 1212
967846 1213
1451769 1214
2419615 1215
3387461 1216
1143818 1217
1715727 1218
2859545 1219
4003363 1220
6290999 1221
1495762 1222
2243643 1223
3739405 1224
5235167 1225
8226691 1226
9722453 1227
1671734 1228
2507601 1229
4179335 1230
5851069 1231
9194537 1232
10866271 1233
14209739 1234
2023678 1235
3035517 1236
5059195 1237
7082873 1238
11130229 1239
13153907 1240
17201263 1241
19224941 1242
282162 1243
470270 1244
705405 1245
658378 1246
987567 1247
1645945 1248
1034594 1249
1551891 1250
2586485 1251
3621079 1252
1222702 1253
1834053 1254
3056755 1255
4279457 1256
6724861 1257
1598918 1258
2398377 1259
3997295 1260
5596213 1261
8794049 1262
10392967 1263
1787026 1264
2680539 1265
4467565 1266
6254591 1267
9828643 1268
11615669 1269
15189721 1270
2163242 1271
3244863 1272
5408105 1273
7571347 1274
11897831 1275
14061073 1276
18387557 1277
20550799 1278
2727566 1279
4091349 1280
6818915 1281
9546481 1282
15001613 1283
17729179 1284
23184311 1285
25911877 1286
31367009 1287
